13,2, 7,2, 5,3:179.20
 5,3, 7,2,13,2:179.20
35,1,13,2, 6,3:150.08
 6,3,13,2,35,1:150.08
15,3, 8,2, 8,2:111.55
 8,2, 8,2,15,3:111.55
35,1,16,2,15,3:101.29
15,3,16,2,35,1:101.29
17,1,15,3,15,3:99.39
15,3,15,3,17,1:99.39
13,3,14,3, 5,4:64.93
 5,4,14,3,13,3:64.93
16,3,16,2,13,4:68.42
13,4,16,2,16,3:68.42
16,2, 7,3, 5,3:125.96
 5,3, 7,3,16,2:125.96
16,2,14,2, 7,1:175.19
 7,1,14,2,16,2:175.19
 8,2, 7,2, 7,2:118.80
 7,2, 7,2, 8,2:118.80
 7,3, 5,3, 7,3:123.23
16,1, 6,2, 8,1:180.00
 8,1, 6,2,16,1:180.00
17,1,14,4,13,3:111.54
13,3,14,4,17,1:111.54
17,1, 5,2, 7,2:179.99
 7,2, 5,2,17,1:179.99
14,3,13,2, 7,3:177.73
 7,3,13,2,14,3:177.73
35,1,15,2, 8,1:110.53
 8,1,15,2,35,1:110.53
14,3, 7,2, 8,2:175.93
 8,2, 7,2,14,3:175.93
14,4, 7,2,13,2:179.96
13,2, 7,2,14,4:179.96
35,1, 5,3,16,2:119.16
16,2, 5,3,35,1:119.16
15,3,14,4, 8,2:109.31
 8,2,14,4,15,3:109.31
16,1,14,3,15,3:127.03
15,3,14,3,16,1:127.03
 9,1, 6,3, 6,3:122.17
 6,3, 6,3, 9,1:122.17
14,4, 7,3,14,4:129.93
14,4, 6,3, 5,2:115.13
 5,2, 6,3,14,4:115.13
17,1, 6,2,15,1:180.00
15,1, 6,2,17,1:180.00
35,1, 6,3, 5,2:116.71
 5,2, 6,3,35,1:116.71
16,2,13,2, 5,2:131.26
 5,2,13,2,16,2:131.26
16,2, 7,2, 8,1:116.63
 8,1, 7,2,16,2:116.63
15,3, 5,2, 5,2:168.25
 5,2, 5,2,15,3:168.25
14,4, 8,2, 9,1:107.80
 9,1, 8,2,14,4:107.80
14,4,16,2, 9,1:97.70
 9,1,16,2,14,4:97.70
15,3,14,4, 1,1:108.02
 1,1,14,4,15,3:108.02
35,1, 5,3,17,1:121.48
17,1, 5,3,35,1:121.48
14,3,13,2,13,3:128.71
13,3,13,2,14,3:128.71
 7,2, 7,2, 5,3:169.04
 5,3, 7,2, 7,2:169.04
15,3,14,3, 5,2:114.27
 5,2,14,3,15,3:114.27
14,3, 6,2,13,2:179.89
13,2, 6,2,14,3:179.89
14,4,14,4, 6,4:112.27
 6,4,14,4,14,4:112.27
15,3, 7,2,13,2:179.10
13,2, 7,2,15,3:179.10
 9,1, 8,2, 8,2:106.50
 8,2, 8,2, 9,1:106.50
17,1,14,3,14,3:120.27
14,3,14,3,17,1:120.27
14,3,14,3, 1,1:122.15
 1,1,14,3,14,3:122.15
 6,4, 5,2, 5,2:177.19
 5,2, 5,2, 6,4:177.19
 9,1,15,3, 1,1:96.97
 1,1,15,3, 9,1:96.97
35,1,14,3,14,3:120.37
14,3,14,3,35,1:120.37
14,4,13,2,13,2:141.25
13,2,13,2,14,4:141.25
16,1,14,3, 6,4:127.46
 6,4,14,3,16,1:127.46
13,3,14,3, 6,3:120.29
 6,3,14,3,13,3:120.29
35,1,14,4,15,3:108.95
15,3,14,4,35,1:108.95
14,4, 7,3, 5,3:127.59
 5,3, 7,3,14,4:127.59
14,2, 6,2,13,3:179.82
13,3, 6,2,14,2:179.82
 7,3, 6,2, 5,1:153.86
 5,1, 6,2, 7,3:153.86
14,4, 6,3,13,2:126.33
13,2, 6,3,14,4:126.33
16,2,13,2, 6,3:151.43
 6,3,13,2,16,2:151.43
 5,3,15,3, 5,3:126.16
14,4,13,3, 8,2:120.43
 8,2,13,3,14,4:120.43
16,2, 5,3, 8,2:116.89
 8,2, 5,3,16,2:116.89
15,3,14,4,13,3:111.60
13,3,14,4,15,3:111.60
13,3,14,2, 7,1:178.68
 7,1,14,2,13,3:178.68
 8,1, 7,2, 5,3:179.98
 5,3, 7,2, 8,1:179.98
15,3,14,4, 7,3:113.56
 7,3,14,4,15,3:113.56
 9,1,15,3, 6,4:98.99
 6,4,15,3, 9,1:98.99
14,3, 7,2,13,3:169.84
13,3, 7,2,14,3:169.84
15,2, 6,3, 7,3:125.99
 7,3, 6,3,15,2:125.99
16,2,14,4, 9,1:111.98
 9,1,14,4,16,2:111.98
16,1,14,3, 8,2:125.45
 8,2,14,3,16,1:125.45
13,4,15,2, 8,2:53.26
 8,2,15,2,13,4:53.26
15,1,14,2,13,1:178.75
13,1,14,2,15,1:178.75
13,3,15,2, 7,2:103.48
 7,2,15,2,13,3:103.48
15,2,14,2,13,2:106.66
13,2,14,2,15,2:106.66
35,1, 8,2, 9,1:180.00
 9,1, 8,2,35,1:180.00
13,1, 5,3, 8,2:177.47
 8,2, 5,3,13,1:177.47
 6,3, 6,3, 1,1:121.83
 1,1, 6,3, 6,3:121.83
13,3, 7,3, 6,4:129.09
 6,4, 7,3,13,3:129.09
15,3, 7,3, 7,3:113.85
 7,3, 7,3,15,3:113.85
14,3,15,2, 8,2:107.16
 8,2,15,2,14,3:107.16
16,2, 5,3, 9,1:117.72
 9,1, 5,3,16,2:117.72
15,3, 6,3, 5,2:110.06
 5,2, 6,3,15,3:110.06
 8,1, 7,2, 6,4:114.04
 6,4, 7,2, 8,1:114.04
14,4, 8,2, 5,3:175.59
 5,3, 8,2,14,4:175.59
 7,3,15,2, 7,2:112.25
 7,2,15,2, 7,3:112.25
 8,2,14,4, 7,3:114.29
 7,3,14,4, 8,2:114.29
14,3,14,3,13,3:119.40
13,3,14,3,14,3:119.40
14,4,15,2, 7,2:106.49
 7,2,15,2,14,4:106.49
16,2, 6,4, 7,3:107.45
 7,3, 6,4,16,2:107.45
16,2,16,2, 8,2:106.03
 8,2,16,2,16,2:106.03
 8,2, 7,3, 6,4:110.39
 6,4, 7,3, 8,2:110.39
15,3, 6,2, 6,2:171.72
 6,2, 6,2,15,3:171.72
 8,1, 5,2, 5,3:179.97
 5,3, 5,2, 8,1:179.97
16,2,16,2,15,3:109.39
15,3,16,2,16,2:109.39
 8,2,15,2, 7,2:114.87
 7,2,15,2, 8,2:114.87
35,1,14,2, 7,1:179.49
 7,1,14,2,35,1:179.49
16,1, 5,2,13,3:179.96
13,3, 5,2,16,1:179.96
15,3, 6,4, 5,3:98.93
 5,3, 6,4,15,3:98.93
 5,3, 6,4, 5,3:109.96
13,3,14,2,13,1:178.03
13,1,14,2,13,3:178.03
14,4, 5,3, 1,1:121.31
 1,1, 5,3,14,4:121.31
 8,1, 6,3, 5,3:110.26
 5,3, 6,3, 8,1:110.26
14,3,13,2, 1,1:146.63
 1,1,13,2,14,3:146.63
35,1,14,4,16,2:106.91
16,2,14,4,35,1:106.91
 6,4,14,4, 6,4:112.43
 7,3, 6,2, 6,2:179.77
 6,2, 6,2, 7,3:179.77
17,1,15,3, 9,1:100.99
 9,1,15,3,17,1:100.99
 7,2, 7,2, 1,1:113.45
 1,1, 7,2, 7,2:113.45
13,2, 7,2, 8,2:147.19
 8,2, 7,2,13,2:147.19
 8,2, 7,3, 8,2:110.73
17,2,16,2,13,4:67.76
13,4,16,2,17,2:67.76
16,2, 8,2,14,4:129.14
14,4, 8,2,16,2:129.14
16,2, 7,3, 6,4:117.14
 6,4, 7,3,16,2:117.14
 7,1, 6,2, 6,4:179.96
 6,4, 6,2, 7,1:179.96
16,1,14,3, 7,3:127.22
 7,3,14,3,16,1:127.22
14,4, 5,2,13,2:139.77
13,2, 5,2,14,4:139.77
13,2, 6,2,13,2:175.96
16,2,13,2,14,3:149.14
14,3,13,2,16,2:149.14
16,1,13,2, 6,4:180.00
 6,4,13,2,16,1:180.00
16,2,14,4, 5,3:102.40
 5,3,14,4,16,2:102.40
14,4,13,3, 5,3:120.96
 5,3,13,3,14,4:120.96
17,1,13,3,17,1:118.19
13,2,15,2, 8,2:107.06
 8,2,15,2,13,2:107.06
14,4, 5,3, 9,1:120.48
 9,1, 5,3,14,4:120.48
 9,1,15,2, 6,3:103.14
 6,3,15,2, 9,1:103.14
13,3, 7,2, 5,2:179.88
 5,2, 7,2,13,3:179.88
17,1,16,2,14,4:101.16
14,4,16,2,17,1:101.16
 6,4, 7,2, 6,3:169.22
 6,3, 7,2, 6,4:169.22
16,3, 6,3, 5,3:88.41
 5,3, 6,3,16,3:88.41
35,1,14,4, 9,1:108.97
 9,1,14,4,35,1:108.97
35,1,13,2, 7,2:173.28
 7,2,13,2,35,1:173.28
14,4,14,4, 9,1:109.53
 9,1,14,4,14,4:109.53
17,1,13,3,15,3:117.98
15,3,13,3,17,1:117.98
14,4, 5,2,14,3:176.57
14,3, 5,2,14,4:176.57
14,4,15,3, 7,3:103.89
 7,3,15,3,14,4:103.89
15,3,14,2, 6,2:179.14
 6,2,14,2,15,3:179.14
16,1,15,2, 6,4:107.35
 6,4,15,2,16,1:107.35
35,1, 8,2,15,3:115.66
15,3, 8,2,35,1:115.66
 9,1,13,2, 5,2:128.53
 5,2,13,2, 9,1:128.53
 7,3, 6,3, 7,2:122.33
 7,2, 6,3, 7,3:122.33
16,3,14,2,13,2:69.00
13,2,14,2,16,3:69.00
16,2,14,2,14,2:79.48
14,2,14,2,16,2:79.48
 8,1,14,3, 7,3:126.88
 7,3,14,3, 8,1:126.88
14,4,13,2, 7,2:178.30
 7,2,13,2,14,4:178.30
15,2, 7,2, 6,4:127.67
 6,4, 7,2,15,2:127.67
13,1,14,2, 6,4:127.67
 6,4,14,2,13,1:127.67
13,3,15,3, 6,4:105.76
 6,4,15,3,13,3:105.76
35,1, 6,4, 1,1:107.91
 1,1, 6,4,35,1:107.91
14,3, 6,3, 1,1:122.44
 1,1, 6,3,14,3:122.44
 8,1, 6,3, 1,1:121.96
 1,1, 6,3, 8,1:121.96
 9,1,13,3, 1,1:116.58
 1,1,13,3, 9,1:116.58
15,3, 7,2,15,2:136.09
15,2, 7,2,15,3:136.09
15,3, 5,2, 7,2:174.44
 7,2, 5,2,15,3:174.44
16,1, 6,3, 5,3:98.13
 5,3, 6,3,16,1:98.13
17,1, 5,3,13,3:119.07
13,3, 5,3,17,1:119.07
 6,4, 5,3, 6,4:125.25
13,1, 6,2, 6,4:178.09
 6,4, 6,2,13,1:178.09
14,4,15,3, 5,3:108.12
 5,3,15,3,14,4:108.12
16,2,14,4,15,3:105.76
15,3,14,4,16,2:105.76
13,3, 5,2, 6,3:180.00
 6,3, 5,2,13,3:180.00
16,2,15,2,16,1:111.22
16,1,15,2,16,2:111.22
15,3, 6,4, 7,3:108.74
 7,3, 6,4,15,3:108.74
16,2,14,2, 5,3:59.00
 5,3,14,2,16,2:59.00
 7,4,16,2, 5,4:48.53
 5,4,16,2, 7,4:48.53
15,3, 6,3, 7,2:122.08
 7,2, 6,3,15,3:122.08
35,1, 8,2, 1,1:129.24
 1,1, 8,2,35,1:129.24
16,2, 8,2, 5,3:177.95
 5,3, 8,2,16,2:177.95
16,1, 6,3, 9,1:123.96
 9,1, 6,3,16,1:123.96
16,1,13,2, 7,3:179.80
 7,3,13,2,16,1:179.80
13,2,13,2, 7,3:178.54
 7,3,13,2,13,2:178.54
16,2,13,3, 1,1:118.60
 1,1,13,3,16,2:118.60
16,2,13,3,15,3:118.14
15,3,13,3,16,2:118.14
15,3,13,3, 6,4:120.39
 6,4,13,3,15,3:120.39
17,1, 7,3, 9,1:116.88
 9,1, 7,3,17,1:116.88
 6,2,14,2, 5,3:161.96
 5,3,14,2, 6,2:161.96
16,2,13,3, 8,2:114.47
 8,2,13,3,16,2:114.47
 7,3, 6,4, 5,3:117.07
 5,3, 6,4, 7,3:117.07
15,3, 6,4,14,4:113.96
14,4, 6,4,15,3:113.96
 8,2,13,3, 7,3:122.17
 7,3,13,3, 8,2:122.17
 6,3,15,2, 5,3:98.25
 5,3,15,2, 6,3:98.25
15,2,14,3,14,4:128.62
14,4,14,3,15,2:128.62
35,1,14,3,15,2:123.03
15,2,14,3,35,1:123.03
17,1, 6,2, 5,1:180.00
 5,1, 6,2,17,1:180.00
 7,2, 7,2, 6,4:119.13
 6,4, 7,2, 7,2:119.13
13,3,13,3, 9,1:116.28
 9,1,13,3,13,3:116.28
13,3, 6,3, 7,2:116.46
 7,2, 6,3,13,3:116.46
15,3,16,2,13,3:86.29
13,3,16,2,15,3:86.29
16,2, 6,2,15,1:175.34
15,1, 6,2,16,2:175.34
16,2, 7,2,13,2:156.14
13,2, 7,2,16,2:156.14
15,2, 5,2, 1,1:177.10
 1,1, 5,2,15,2:177.10
13,3,13,3, 7,3:117.20
 7,3,13,3,13,3:117.20
15,3, 7,2,14,3:173.15
14,3, 7,2,15,3:173.15
17,1,15,2, 8,1:109.93
 8,1,15,2,17,1:109.93
14,4, 8,2, 1,1:122.85
 1,1, 8,2,14,4:122.85
 8,2, 5,3, 8,2:117.12
16,1,14,3,13,3:116.90
13,3,14,3,16,1:116.90
14,4,15,2,14,3:97.30
14,3,15,2,14,4:97.30
15,2, 7,2,13,3:174.48
13,3, 7,2,15,2:174.48
35,1, 7,2, 6,3:114.00
 6,3, 7,2,35,1:114.00
 8,2,16,2, 6,4:100.29
 6,4,16,2, 8,2:100.29
35,1,14,3,13,2:104.86
13,2,14,3,35,1:104.86
16,1,14,3, 5,3:118.81
 5,3,14,3,16,1:118.81
35,1,13,2,15,2:180.00
15,2,13,2,35,1:180.00
13,1,14,2, 1,1:179.15
 1,1,14,2,13,1:179.15
14,4, 6,4, 6,4:114.30
 6,4, 6,4,14,4:114.30
16,2,14,2,13,3:59.39
13,3,14,2,16,2:59.39
 9,1, 5,3, 6,4:120.62
 6,4, 5,3, 9,1:120.62
 9,1,14,3, 8,1:126.91
 8,1,14,3, 9,1:126.91
 9,1, 8,2, 5,3:90.21
 5,3, 8,2, 9,1:90.21
13,3, 6,2, 6,2:179.99
 6,2, 6,2,13,3:179.99
 7,2, 5,2, 6,4:180.00
 6,4, 5,2, 7,2:180.00
 9,1, 7,3, 7,3:108.71
 7,3, 7,3, 9,1:108.71
14,3, 5,2, 7,3:161.28
 7,3, 5,2,14,3:161.28
35,1, 8,2, 8,2:111.67
 8,2, 8,2,35,1:111.67
17,1,16,2,16,2:106.91
16,2,16,2,17,1:106.91
17,1,13,2,16,1:179.97
16,1,13,2,17,1:179.97
15,3,13,2, 8,1:175.81
 8,1,13,2,15,3:175.81
16,1, 5,2,15,3:178.87
15,3, 5,2,16,1:178.87
 6,3,14,2, 6,3:179.35
17,1, 6,4, 6,4:111.58
 6,4, 6,4,17,1:111.58
14,3, 6,2, 8,1:170.77
 8,1, 6,2,14,3:170.77
35,2,15,2, 5,3:57.55
 5,3,15,2,35,2:57.55
17,1,13,2, 6,3:150.64
 6,3,13,2,17,1:150.64
 9,1,16,2, 5,3:103.04
 5,3,16,2, 9,1:103.04
16,2,15,3, 5,3:111.12
 5,3,15,3,16,2:111.12
 5,3,14,2, 5,1:93.49
 5,1,14,2, 5,3:93.49
17,1, 5,3, 7,3:119.95
 7,3, 5,3,17,1:119.95
14,4,15,2, 5,2:75.53
 5,2,15,2,14,4:75.53
35,1,15,3, 8,2:103.91
 8,2,15,3,35,1:103.91
14,2, 6,2, 9,1:136.48
 9,1, 6,2,14,2:136.48
 8,2,14,2, 6,2:174.05
 6,2,14,2, 8,2:174.05
17,1, 5,3,14,4:119.65
14,4, 5,3,17,1:119.65
16,1, 7,2,14,4:124.67
14,4, 7,2,16,1:124.67
16,2, 7,2, 6,3:122.71
 6,3, 7,2,16,2:122.71
 6,4, 6,4, 6,4:113.01
16,1,14,3,14,4:125.79
14,4,14,3,16,1:125.79
16,2, 6,3, 6,3:123.31
 6,3, 6,3,16,2:123.31
15,2,15,2, 1,1:100.21
 1,1,15,2,15,2:100.21
15,2, 6,3, 6,4:123.92
 6,4, 6,3,15,2:123.92
35,1,16,2,17,1:180.00
17,1,16,2,35,1:180.00
14,4,14,3,13,2:100.41
13,2,14,3,14,4:100.41
 9,1,13,3, 8,2:120.24
 8,2,13,3, 9,1:120.24
35,1, 7,2,14,3:179.96
14,3, 7,2,35,1:179.96
15,2, 6,2, 6,3:177.45
 6,3, 6,2,15,2:177.45
 7,3,16,2, 7,3:111.20
17,1,13,3, 6,4:118.50
 6,4,13,3,17,1:118.50
13,3, 7,2, 8,1:176.44
 8,1, 7,2,13,3:176.44
17,1, 5,3, 1,1:117.93
 1,1, 5,3,17,1:117.93
 9,1,13,2, 8,1:179.93
 8,1,13,2, 9,1:179.93
14,4, 6,4,14,4:116.62
13,2,13,2, 8,2:148.73
 8,2,13,2,13,2:148.73
13,1, 6,2, 5,3:177.11
 5,3, 6,2,13,1:177.11
35,1, 6,4,35,1:114.45
14,4, 6,4, 7,3:110.47
 7,3, 6,4,14,4:110.47
 8,2, 5,2, 5,2:177.34
 5,2, 5,2, 8,2:177.34
 9,1,13,2, 6,3:151.15
 6,3,13,2, 9,1:151.15
14,4,14,3, 8,1:123.36
 8,1,14,3,14,4:123.36
14,3, 6,2, 5,2:179.42
 5,2, 6,2,14,3:179.42
14,2, 6,2, 1,1:147.15
 1,1, 6,2,14,2:147.15
 8,1, 6,2, 6,3:180.00
 6,3, 6,2, 8,1:180.00
35,1, 6,4,14,4:111.18
14,4, 6,4,35,1:111.18
15,3, 6,2, 7,1:173.83
 7,1, 6,2,15,3:173.83
13,3,14,4, 6,4:113.87
 6,4,14,4,13,3:113.87
 7,3, 5,3, 1,1:118.94
 1,1, 5,3, 7,3:118.94
 8,2,14,3, 7,2:136.19
 7,2,14,3, 8,2:136.19
14,4,16,2, 5,3:104.60
 5,3,16,2,14,4:104.60
15,3, 7,2, 7,2:121.03
 7,2, 7,2,15,3:121.03
14,4, 5,2, 6,3:180.00
 6,3, 5,2,14,4:180.00
 6,3,14,3, 5,3:120.12
 5,3,14,3, 6,3:120.12
35,1,15,3,15,3:99.30
15,3,15,3,35,1:99.30
 1,1, 6,4, 1,1:109.47
 6,4,14,2, 5,1:114.28
 5,1,14,2, 6,4:114.28
14,3, 7,2, 7,3:175.99
 7,3, 7,2,14,3:175.99
35,2,15,2,13,3:62.63
13,3,15,2,35,2:62.63
 7,2,14,2, 5,2:180.00
 5,2,14,2, 7,2:180.00
17,1,15,3, 1,1:96.57
 1,1,15,3,17,1:96.57
14,4, 6,4, 5,3:108.95
 5,3, 6,4,14,4:108.95
16,1,13,2,14,4:180.00
14,4,13,2,16,1:180.00
15,3,15,3, 5,3:111.97
 5,3,15,3,15,3:111.97
35,1,15,3, 6,4:100.09
 6,4,15,3,35,1:100.09
35,1,13,3,16,2:116.85
16,2,13,3,35,1:116.85
15,2,14,3,13,3:119.99
13,3,14,3,15,2:119.99
15,3,13,3, 7,3:119.34
 7,3,13,3,15,3:119.34
17,1,15,3, 6,4:99.81
 6,4,15,3,17,1:99.81
13,3,16,2,13,3:106.78
35,1,15,3,16,2:106.40
16,2,15,3,35,1:106.40
13,1,14,1, 8,1:149.03
 8,1,14,1,13,1:149.03
15,2, 7,2, 1,1:119.97
 1,1, 7,2,15,2:119.97
13,3, 7,3, 7,3:121.45
 7,3, 7,3,13,3:121.45
17,1,16,2, 8,2:103.99
 8,2,16,2,17,1:103.99
16,2, 5,2, 7,2:180.00
 7,2, 5,2,16,2:180.00
35,1, 5,2, 6,3:179.95
 6,3, 5,2,35,1:179.95
 9,1, 6,2, 7,1:179.97
 7,1, 6,2, 9,1:179.97
 9,1, 5,3, 7,3:119.19
 7,3, 5,3, 9,1:119.19
 8,1,14,2, 6,3:168.95
 6,3,14,2, 8,1:168.95
16,2,14,4, 7,3:111.33
 7,3,14,4,16,2:111.33
35,1, 6,3,14,3:125.07
14,3, 6,3,35,1:125.07
15,3,15,3,14,4:102.96
14,4,15,3,15,3:102.96
16,2, 5,3, 1,1:115.80
 1,1, 5,3,16,2:115.80
17,1, 5,2,14,3:160.89
14,3, 5,2,17,1:160.89
15,2, 5,2, 8,2:177.92
 8,2, 5,2,15,2:177.92
17,1, 5,3, 6,4:121.97
 6,4, 5,3,17,1:121.97
14,4, 6,2,14,2:157.68
14,2, 6,2,14,4:157.68
13,3, 7,3, 9,1:119.92
 9,1, 7,3,13,3:119.92
 7,2, 5,2, 5,3:179.63
 5,3, 5,2, 7,2:179.63
14,4, 6,3, 7,2:120.29
 7,2, 6,3,14,4:120.29
17,2, 7,2,13,3:72.70
13,3, 7,2,17,2:72.70
14,4,16,2, 7,3:105.29
 7,3,16,2,14,4:105.29
15,3,14,2,14,2:179.98
14,2,14,2,15,3:179.98
 9,1, 7,2, 8,1:110.44
 8,1, 7,2, 9,1:110.44
 7,3,14,4, 6,4:116.34
 6,4,14,4, 7,3:116.34
17,1, 6,2, 7,1:180.00
 7,1, 6,2,17,1:180.00
14,4, 8,2,14,4:179.28
15,2,15,2, 7,3:109.50
 7,3,15,2,15,2:109.50
17,1,16,2, 6,4:99.87
 6,4,16,2,17,1:99.87
16,2, 5,3,14,4:119.79
14,4, 5,3,16,2:119.79
 8,2,16,2, 8,2:105.92
14,4, 7,3, 8,2:110.15
 8,2, 7,3,14,4:110.15
17,1,14,2, 7,1:179.56
 7,1,14,2,17,1:179.56
35,1,15,3, 9,1:101.50
 9,1,15,3,35,1:101.50
 8,2,13,3, 8,2:123.02
17,1,13,3, 5,3:115.93
 5,3,13,3,17,1:115.93
15,2,13,2,13,3:177.35
13,3,13,2,15,2:177.35
15,1, 6,2, 1,1:179.85
 1,1, 6,2,15,1:179.85
14,3,14,2, 8,1:159.40
 8,1,14,2,14,3:159.40
35,1, 5,2, 5,2:173.74
 5,2, 5,2,35,1:173.74
16,2, 6,2, 6,2:174.37
 6,2, 6,2,16,2:174.37
13,1, 6,2, 5,1:156.31
 5,1, 6,2,13,1:156.31
 5,3,14,3, 5,2:112.82
 5,2,14,3, 5,3:112.82
16,2, 5,3, 6,4:120.10
 6,4, 5,3,16,2:120.10
14,3,14,3, 6,4:123.25
 6,4,14,3,14,3:123.25
 7,3,14,3, 7,2:134.11
 7,2,14,3, 7,3:134.11
14,4,15,3,14,4:99.36
 8,2, 5,2, 6,3:180.00
 6,3, 5,2, 8,2:180.00
15,2, 5,2, 5,3:179.90
 5,3, 5,2,15,2:179.90
35,1, 5,3, 6,4:120.24
 6,4, 5,3,35,1:120.24
16,1,13,2, 1,1:179.85
 1,1,13,2,16,1:179.85
14,4, 5,3, 5,3:121.16
 5,3, 5,3,14,4:121.16
15,3,16,2, 7,3:110.32
 7,3,16,2,15,3:110.32
 9,1, 7,3, 8,2:106.25
 8,2, 7,3, 9,1:106.25
16,1,14,3, 9,1:126.46
 9,1,14,3,16,1:126.46
13,2, 6,2, 5,2:179.98
 5,2, 6,2,13,2:179.98
13,3, 6,3, 6,3:121.60
 6,3, 6,3,13,3:121.60
16,2,15,2, 7,2:113.86
 7,2,15,2,16,2:113.86
15,3, 5,2,14,3:166.69
14,3, 5,2,15,3:166.69
 9,1,14,3, 6,3:123.81
 6,3,14,3, 9,1:123.81
15,3, 6,2, 5,1:153.89
 5,1, 6,2,15,3:153.89
15,3,13,3, 8,2:115.30
 8,2,13,3,15,3:115.30
15,3,15,2, 5,4:69.25
 5,4,15,2,15,3:69.25
16,2, 8,2, 6,4:115.07
 6,4, 8,2,16,2:115.07
 7,2, 6,3, 6,4:121.99
 6,4, 6,3, 7,2:121.99
17,1, 7,2, 5,2:175.35
 5,2, 7,2,17,1:175.35
17,1,15,3,16,2:105.70
16,2,15,3,17,1:105.70
15,3,16,2, 5,3:82.68
 5,3,16,2,15,3:82.68
14,4, 5,3, 6,4:125.30
 6,4, 5,3,14,4:125.30
15,3,14,4, 6,4:109.65
 6,4,14,4,15,3:109.65
35,1, 6,4, 8,2:107.90
 8,2, 6,4,35,1:107.90
15,3,13,1,13,3:59.07
13,3,13,1,15,3:59.07
17,1,15,3,17,1:103.39
15,2, 6,2,13,2:143.23
13,2, 6,2,15,2:143.23
17,1,13,3, 7,3:117.14
 7,3,13,3,17,1:117.14
 9,1, 7,2, 7,2:110.51
 7,2, 7,2, 9,1:110.51
13,3,14,4,13,3:114.15
17,1, 6,3,13,2:121.39
13,2, 6,3,17,1:121.39
17,1, 8,2, 6,4:113.95
 6,4, 8,2,17,1:113.95
17,1, 6,4,14,4:111.25
14,4, 6,4,17,1:111.25
15,2,14,2,14,3:146.71
14,3,14,2,15,2:146.71
14,4, 7,3, 6,4:124.13
 6,4, 7,3,14,4:124.13
15,2,14,2, 5,2:105.26
 5,2,14,2,15,2:105.26
14,3, 6,3, 8,2:125.29
 8,2, 6,3,14,3:125.29
15,3,13,3, 9,1:116.75
 9,1,13,3,15,3:116.75
15,3, 8,2, 1,1:117.93
 1,1, 8,2,15,3:117.93
13,3,15,3, 9,1:100.63
 9,1,15,3,13,3:100.63
15,3, 5,3, 9,1:119.97
 9,1, 5,3,15,3:119.97
14,4,13,2, 5,2:139.00
 5,2,13,2,14,4:139.00
16,2,14,2, 6,2:167.33
 6,2,14,2,16,2:167.33
 6,4, 7,3, 6,4:113.30
14,4, 5,3,13,3:127.25
13,3, 5,3,14,4:127.25
35,1, 6,2, 5,1:180.00
 5,1, 6,2,35,1:180.00
 9,1,15,3, 8,2:101.78
 8,2,15,3, 9,1:101.78
16,2, 8,2,16,2:119.54
35,1, 7,2, 8,1:180.00
 8,1, 7,2,35,1:180.00
 8,2,14,3, 8,1:125.81
 8,1,14,3, 8,2:125.81
13,2,15,2, 6,4:105.82
 6,4,15,2,13,2:105.82
35,1, 7,2,16,1:180.00
16,1, 7,2,35,1:180.00
15,3,15,2, 8,1:109.19
 8,1,15,2,15,3:109.19
17,1, 6,4,15,3:111.73
15,3, 6,4,17,1:111.73
16,2, 6,2, 7,1:176.20
 7,1, 6,2,16,2:176.20
16,2,14,4, 1,1:110.04
 1,1,14,4,16,2:110.04
13,2, 6,2, 8,1:155.98
 8,1, 6,2,13,2:155.98
 9,1, 5,3, 1,1:117.42
 1,1, 5,3, 9,1:117.42
17,1, 6,2,14,2:144.81
14,2, 6,2,17,1:144.81
16,1, 7,2,15,3:125.70
15,3, 7,2,16,1:125.70
17,1, 5,3, 9,1:118.89
 9,1, 5,3,17,1:118.89
13,4,15,2, 5,4:65.71
 5,4,15,2,13,4:65.71
17,1, 7,2, 8,1:180.00
 8,1, 7,2,17,1:180.00
17,1, 7,2,16,1:180.00
16,1, 7,2,17,1:180.00
14,4, 7,3, 9,1:108.29
 9,1, 7,3,14,4:108.29
17,1,13,3,13,3:115.57
13,3,13,3,17,1:115.57
 9,1, 5,2, 7,2:179.72
 7,2, 5,2, 9,1:179.72
 8,2,13,3, 5,3:115.41
 5,3,13,3, 8,2:115.41
13,2,15,2, 9,1:93.42
 9,1,15,2,13,2:93.42
 9,1, 6,4, 8,2:110.99
 8,2, 6,4, 9,1:110.99
 5,3,14,4, 5,3:103.45
16,2,14,3,14,3:122.70
14,3,14,3,16,2:122.70
35,1,14,4, 1,1:108.43
 1,1,14,4,35,1:108.43
14,4,15,3, 6,4:99.76
 6,4,15,3,14,4:99.76
16,1,13,2,13,3:179.95
13,3,13,2,16,1:179.95
16,2, 5,2,13,2:135.60
13,2, 5,2,16,2:135.60
 7,2,14,3, 6,4:132.44
 6,4,14,3, 7,2:132.44
 9,1,15,3, 7,3:105.46
 7,3,15,3, 9,1:105.46
 8,1,13,2, 1,1:179.97
 1,1,13,2, 8,1:179.97
 8,2, 6,4, 5,3:113.76
 5,3, 6,4, 8,2:113.76
13,2, 6,2, 6,3:179.89
 6,3, 6,2,13,2:179.89
15,2, 6,2,14,3:170.75
14,3, 6,2,15,2:170.75
16,2,15,3,16,2:108.81
15,1,14,2, 8,2:180.00
 8,2,14,2,15,1:180.00
 6,4,13,2, 6,3:164.56
 6,3,13,2, 6,4:164.56
 5,3,13,3, 5,3:123.81
35,1, 6,3, 6,3:123.48
 6,3, 6,3,35,1:123.48
 8,2,15,3, 8,2:105.86
35,1, 6,4, 5,3:85.45
 5,3, 6,4,35,1:85.45
14,4,14,4,13,3:112.60
13,3,14,4,14,4:112.60
35,1,14,4,17,1:110.95
17,1,14,4,35,1:110.95
16,2,16,2, 5,3:105.80
 5,3,16,2,16,2:105.80
14,3,15,2, 9,1:100.71
 9,1,15,2,14,3:100.71
13,3,14,2, 6,2:179.98
 6,2,14,2,13,3:179.98
13,2,14,2, 5,2:109.11
 5,2,14,2,13,2:109.11
 8,2, 5,3, 1,1:120.32
 1,1, 5,3, 8,2:120.32
35,1, 6,2,13,1:180.00
13,1, 6,2,35,1:180.00
17,1,16,2, 9,1:100.95
 9,1,16,2,17,1:100.95
 7,3,14,2, 5,1:112.97
 5,1,14,2, 7,3:112.97
35,1, 5,3, 9,1:118.96
 9,1, 5,3,35,1:118.96
 8,2, 6,2, 5,1:134.86
 5,1, 6,2, 8,2:134.86
 7,2,15,2, 5,3:91.30
 5,3,15,2, 7,2:91.30
35,1, 7,3,17,1:122.21
17,1, 7,3,35,1:122.21
 1,1, 5,3, 1,1:120.00
15,2, 7,1, 8,1:114.15
 8,1, 7,1,15,2:114.15
 8,1,15,2, 1,1:104.31
 1,1,15,2, 8,1:104.31
 6,4,13,3, 5,3:122.31
 5,3,13,3, 6,4:122.31
35,2,15,3,13,4:67.02
13,4,15,3,35,2:67.02
15,3,16,2,14,4:107.08
14,4,16,2,15,3:107.08
15,3,13,3, 5,3:121.23
 5,3,13,3,15,3:121.23
15,1, 6,2, 9,1:180.00
 9,1, 6,2,15,1:180.00
14,4,13,2, 8,1:179.99
 8,1,13,2,14,4:179.99
 7,2,14,3, 5,3:116.54
 5,3,14,3, 7,2:116.54
 7,3,14,2, 7,1:179.85
 7,1,14,2, 7,3:179.85
 9,1, 7,3, 1,1:101.44
 1,1, 7,3, 9,1:101.44
 8,2, 6,3, 7,2:122.18
 7,2, 6,3, 8,2:122.18
15,3,14,2,13,1:173.79
13,1,14,2,15,3:173.79
16,2, 6,4, 8,2:110.05
 8,2, 6,4,16,2:110.05
 6,4, 5,3, 1,1:120.98
 1,1, 5,3, 6,4:120.98
16,2, 6,4, 1,1:111.51
 1,1, 6,4,16,2:111.51
35,1,15,2,16,1:143.51
16,1,15,2,35,1:143.51
15,3,14,4, 9,1:107.84
 9,1,14,4,15,3:107.84
 9,1,13,3, 5,3:117.56
 5,3,13,3, 9,1:117.56
14,4, 6,3,14,3:125.96
14,3, 6,3,14,4:125.96
13,3,15,2, 5,2:80.54
 5,2,15,2,13,3:80.54
16,1, 6,3,14,4:123.29
14,4, 6,3,16,1:123.29
17,1,13,3, 9,1:117.47
 9,1,13,3,17,1:117.47
16,3, 6,4, 5,4:79.05
 5,4, 6,4,16,3:79.05
 8,2, 6,4, 8,2:114.21
16,1,13,2, 8,2:178.23
 8,2,13,2,16,1:178.23
15,3,14,3, 6,3:125.33
 6,3,14,3,15,3:125.33
16,2,16,2, 7,3:109.28
 7,3,16,2,16,2:109.28
13,3, 7,3, 8,2:120.76
 8,2, 7,3,13,3:120.76
15,2,14,3, 1,1:126.63
 1,1,14,3,15,2:126.63
17,1, 7,3, 8,2:109.45
 8,2, 7,3,17,1:109.45
16,2,15,2, 6,3:106.33
 6,3,15,2,16,2:106.33
 8,1,13,2, 7,3:179.95
 7,3,13,2, 8,1:179.95
14,4,16,2,14,4:105.21
16,2,13,2,15,2:179.08
15,2,13,2,16,2:179.08
14,4, 5,2, 8,1:179.99
 8,1, 5,2,14,4:179.99
13,3, 6,2, 7,1:178.09
 7,1, 6,2,13,3:178.09
35,1,16,2, 9,1:101.48
 9,1,16,2,35,1:101.48
14,4, 6,4, 9,1:109.99
 9,1, 6,4,14,4:109.99
13,3,14,4, 7,3:109.33
 7,3,14,4,13,3:109.33
15,3,15,2,13,2:78.66
13,2,15,2,15,3:78.66
 6,4, 6,3, 5,2:131.73
 5,2, 6,3, 6,4:131.73
16,2,14,3,16,1:125.15
16,1,14,3,16,2:125.15
 7,3, 5,3, 6,4:122.32
 6,4, 5,3, 7,3:122.32
13,2, 6,3, 9,1:122.46
 9,1, 6,3,13,2:122.46
16,1,13,2, 5,3:179.99
 5,3,13,2,16,1:179.99
35,1, 5,2,15,2:176.45
15,2, 5,2,35,1:176.45
 8,2, 6,2, 7,1:176.24
 7,1, 6,2, 8,2:176.24
15,2,14,2, 7,2:168.08
 7,2,14,2,15,2:168.08
16,2, 5,3,15,3:121.68
15,3, 5,3,16,2:121.68
13,1, 5,1, 9,1:164.46
 9,1, 5,1,13,1:164.46
16,1, 5,2, 6,4:179.96
 6,4, 5,2,16,1:179.96
13,2,14,3, 9,1:111.02
 9,1,14,3,13,2:111.02
16,2,16,2, 1,1:98.62
 1,1,16,2,16,2:98.62
14,3,14,2,14,3:80.89
35,1, 7,3, 6,4:110.66
 6,4, 7,3,35,1:110.66
 8,2, 5,3, 6,4:119.66
 6,4, 5,3, 8,2:119.66
15,2,15,2,14,4:105.77
14,4,15,2,15,2:105.77
35,1, 6,2,14,2:151.76
14,2, 6,2,35,1:151.76
 8,1,14,3, 6,4:126.55
 6,4,14,3, 8,1:126.55
35,1, 8,2, 7,3:116.25
 7,3, 8,2,35,1:116.25
 7,3, 6,4, 7,3:109.87
13,2, 6,3, 6,4:130.25
 6,4, 6,3,13,2:130.25
35,1,15,2,14,3:100.23
14,3,15,2,35,1:100.23
35,1,14,3, 7,2:118.98
 7,2,14,3,35,1:118.98
16,2,15,3, 9,1:103.48
 9,1,15,3,16,2:103.48
 8,1, 5,2, 6,4:179.99
 6,4, 5,2, 8,1:179.99
 6,3, 6,2, 5,2:178.17
 5,2, 6,2, 6,3:178.17
35,1,14,4, 8,2:111.55
 8,2,14,4,35,1:111.55
15,1, 6,2,13,3:179.61
13,3, 6,2,15,1:179.61
13,3, 5,3, 9,1:119.82
 9,1, 5,3,13,3:119.82
14,3, 6,2, 6,3:179.99
 6,3, 6,2,14,3:179.99
15,3,14,4, 5,3:102.70
 5,3,14,4,15,3:102.70
15,3,13,2, 5,2:176.95
 5,2,13,2,15,3:176.95
17,1, 5,2, 5,2:179.97
 5,2, 5,2,17,1:179.97
17,1, 6,4,16,2:109.30
16,2, 6,4,17,1:109.30
15,3,13,3,13,3:123.01
13,3,13,3,15,3:123.01
35,1, 5,3,13,3:116.62
13,3, 5,3,35,1:116.62
35,1,14,4,13,3:101.22
13,3,14,4,35,1:101.22
16,2, 6,4, 9,1:112.78
 9,1, 6,4,16,2:112.78
14,3, 7,2, 9,1:178.20
 9,1, 7,2,14,3:178.20
14,4,14,3, 6,3:122.50
 6,3,14,3,14,4:122.50
 8,2, 6,4, 1,1:109.37
 1,1, 6,4, 8,2:109.37
 8,2,14,3, 6,3:127.88
 6,3,14,3, 8,2:127.88
35,1,16,2, 6,4:100.46
 6,4,16,2,35,1:100.46
 8,2,15,3, 5,3:112.28
 5,3,15,3, 8,2:112.28
15,3, 5,2, 6,3:171.64
 6,3, 5,2,15,3:171.64
 8,2, 6,4, 7,3:107.13
 7,3, 6,4, 8,2:107.13
14,4, 5,3, 8,2:119.16
 8,2, 5,3,14,4:119.16
15,3,13,2, 6,3:158.98
 6,3,13,2,15,3:158.98
35,1,14,4, 7,3:115.56
 7,3,14,4,35,1:115.56
 6,4, 8,2, 6,4:117.89
 9,1, 8,2, 9,1:104.12
15,3, 6,3, 8,1:124.73
 8,1, 6,3,15,3:124.73
 9,1,13,3, 9,1:117.56
16,2, 7,3, 9,1:110.56
 9,1, 7,3,16,2:110.56
 8,1, 6,3, 6,4:124.96
 6,4, 6,3, 8,1:124.96
15,3, 5,3, 5,3:125.34
 5,3, 5,3,15,3:125.34
16,2,13,3,14,4:117.58
14,4,13,3,16,2:117.58
35,1, 5,3,35,1:121.93
 5,3, 7,3, 5,3:126.51
15,2, 5,2, 9,1:176.50
 9,1, 5,2,15,2:176.50
35,1, 6,3, 8,1:123.73
 8,1, 6,3,35,1:123.73
 9,1,15,2, 8,1:109.55
 8,1,15,2, 9,1:109.55
 8,2, 6,4, 6,4:107.90
 6,4, 6,4, 8,2:107.90
 6,2, 6,2, 5,3:179.46
 5,3, 6,2, 6,2:179.46
16,2, 7,2,15,2:136.29
15,2, 7,2,16,2:136.29
35,1, 6,3,16,1:126.59
16,1, 6,3,35,1:126.59
13,4,16,2, 7,4:57.16
 7,4,16,2,13,4:57.16
 7,1,14,2, 1,1:179.58
 1,1,14,2, 7,1:179.58
14,3, 6,3, 6,4:128.13
 6,4, 6,3,14,3:128.13
35,1,13,3, 7,3:117.45
 7,3,13,3,35,1:117.45
 9,1, 6,3, 8,1:122.91
 8,1, 6,3, 9,1:122.91
17,1, 7,3,15,3:113.05
15,3, 7,3,17,1:113.05
14,3,14,2,13,2:180.00
13,2,14,2,14,3:180.00
14,3,13,2, 5,3:140.32
 5,3,13,2,14,3:140.32
 9,1, 5,3, 8,2:117.48
 8,2, 5,3, 9,1:117.48
15,3, 7,3,14,4:124.44
14,4, 7,3,15,3:124.44
16,1, 7,2, 5,3:179.97
 5,3, 7,2,16,1:179.97
16,2,15,2,14,3:105.22
14,3,15,2,16,2:105.22
17,1,15,2,16,1:110.42
16,1,15,2,17,1:110.42
14,4,14,4,14,4:112.58
17,1,13,3,16,2:116.46
16,2,13,3,17,1:116.46
14,3, 5,2, 9,1:163.82
 9,1, 5,2,14,3:163.82
16,1, 6,3,15,3:127.36
15,3, 6,3,16,1:127.36
13,3,13,3, 5,3:123.31
 5,3,13,3,13,3:123.31
17,1,14,4, 8,2:111.39
 8,2,14,4,17,1:111.39
16,2, 5,2,16,1:177.49
16,1, 5,2,16,2:177.49
35,1,14,2, 5,1:116.27
 5,1,14,2,35,1:116.27
14,3,13,2, 8,2:167.39
 8,2,13,2,14,3:167.39
13,3,15,3, 8,2:106.86
 8,2,15,3,13,3:106.86
16,2, 7,3, 1,1:114.33
 1,1, 7,3,16,2:114.33
16,2, 6,2,13,1:168.78
13,1, 6,2,16,2:168.78
16,1, 6,3, 6,4:126.67
 6,4, 6,3,16,1:126.67
 7,3,15,3, 7,3:111.79
 8,2,15,2, 8,1:110.49
 8,1,15,2, 8,2:110.49
14,4,14,3,14,3:119.74
14,3,14,3,14,4:119.74
35,1, 5,3,15,3:122.06
15,3, 5,3,35,1:122.06
 9,1,16,2, 1,1:95.20
 1,1,16,2, 9,1:95.20
16,1, 7,2, 8,2:117.59
 8,2, 7,2,16,1:117.59
13,1,13,2, 6,4:151.33
 6,4,13,2,13,1:151.33
17,1, 5,3,16,2:119.01
16,2, 5,3,17,1:119.01
14,4, 5,3, 7,3:121.51
 7,3, 5,3,14,4:121.51
14,4, 6,3, 6,3:124.16
 6,3, 6,3,14,4:124.16
15,3,13,2, 7,2:157.96
 7,2,13,2,15,3:157.96
13,3, 6,4, 9,1:111.58
 9,1, 6,4,13,3:111.58
13,3, 6,4, 1,1:110.49
 1,1, 6,4,13,3:110.49
13,3, 7,1, 9,1:35.27
 9,1, 7,1,13,3:35.27
 7,2,14,2, 6,3:157.59
 6,3,14,2, 7,2:157.59
35,2,16,2, 5,4:69.01
 5,4,16,2,35,2:69.01
15,2, 7,2,14,4:141.78
14,4, 7,2,15,2:141.78
17,1,15,3,14,4:98.72
14,4,15,3,17,1:98.72
17,1, 7,3, 1,1:117.57
 1,1, 7,3,17,1:117.57
 7,3,13,2, 5,2:126.57
 5,2,13,2, 7,3:126.57
 7,3, 5,2, 6,3:179.98
 6,3, 5,2, 7,3:179.98
15,3, 6,4,15,3:112.58
17,1,13,2, 8,1:179.99
 8,1,13,2,17,1:179.99
14,4,14,2, 7,1:179.98
 7,1,14,2,14,4:179.98
 7,2,13,2, 6,4:180.00
 6,4,13,2, 7,2:180.00
13,1, 6,2, 9,1:180.00
 9,1, 6,2,13,1:180.00
13,3,14,3, 8,1:116.58
 8,1,14,3,13,3:116.58
 8,2,14,4, 5,3:110.17
 5,3,14,4, 8,2:110.17
15,3, 7,2, 5,2:170.93
 5,2, 7,2,15,3:170.93
15,2, 6,2,15,2:170.67
15,3,16,2, 9,1:105.32
 9,1,16,2,15,3:105.32
13,3, 6,3, 5,4:87.73
 5,4, 6,3,13,3:87.73
 9,1, 7,3, 6,4:105.58
 6,4, 7,3, 9,1:105.58
 8,2,15,3, 7,3:108.84
 7,3,15,3, 8,2:108.84
 6,4, 7,2, 5,2:180.00
 5,2, 7,2, 6,4:180.00
35,1, 6,4, 6,4:111.76
 6,4, 6,4,35,1:111.76
16,1,15,2, 9,1:108.75
 9,1,15,2,16,1:108.75
16,2,14,4,16,2:109.33
35,1,15,3,14,4:98.34
14,4,15,3,35,1:98.34
14,4,14,4, 8,2:111.63
 8,2,14,4,14,4:111.63
 6,4,16,2, 5,3:105.72
 5,3,16,2, 6,4:105.72
14,4, 7,3, 7,3:125.15
 7,3, 7,3,14,4:125.15
 1,1,14,4, 1,1:109.47
13,1,14,1, 5,4:45.10
 5,4,14,1,13,1:45.10
14,5,14,2, 6,3:51.36
 6,3,14,2,14,5:51.36
 8,2, 6,3, 8,1:122.72
 8,1, 6,3, 8,2:122.72
 9,1,14,4, 9,1:107.73
15,2,13,2, 6,4:178.20
 6,4,13,2,15,2:178.20
13,3,16,2, 6,4:103.73
 6,4,16,2,13,3:103.73
17,1, 5,2,16,1:180.00
16,1, 5,2,17,1:180.00
35,1,13,3,15,3:118.59
15,3,13,3,35,1:118.59
35,1,15,3, 7,3:107.41
 7,3,15,3,35,1:107.41
15,3,15,2,13,4:76.66
13,4,15,2,15,3:76.66
 7,3, 6,3, 5,2:136.48
 5,2, 6,3, 7,3:136.48
17,1,14,2, 5,1:176.53
 5,1,14,2,17,1:176.53
17,1,15,3, 7,3:106.94
 7,3,15,3,17,1:106.94
15,3,14,4,15,3:108.67
14,4, 8,2, 6,4:129.38
 6,4, 8,2,14,4:129.38
 8,1, 7,2, 7,3:114.55
 7,3, 7,2, 8,1:114.55
16,2, 7,2, 7,2:122.92
 7,2, 7,2,16,2:122.92
 7,2,14,2, 7,2:157.19
15,2, 6,3, 9,1:121.06
 9,1, 6,3,15,2:121.06
 8,2,13,2, 7,2:166.70
 7,2,13,2, 8,2:166.70
 9,1, 6,4, 5,3:115.40
 5,3, 6,4, 9,1:115.40
16,1, 6,2, 7,2:173.96
 7,2, 6,2,16,1:173.96
15,3,13,3,15,3:120.92
 9,1, 5,2, 6,3:179.99
 6,3, 5,2, 9,1:179.99
 9,1,14,4, 1,1:108.00
 1,1,14,4, 9,1:108.00
15,2,14,2, 6,3:161.16
 6,3,14,2,15,2:161.16
16,2,14,4, 8,2:114.47
 8,2,14,4,16,2:114.47
17,1, 6,4,17,1:113.25
15,3, 7,2, 6,3:172.52
 6,3, 7,2,15,3:172.52
15,3, 6,4, 8,2:106.34
 8,2, 6,4,15,3:106.34
 6,4,15,2, 5,2:100.64
 5,2,15,2, 6,4:100.64
 7,3, 6,2, 7,1:177.26
 7,1, 6,2, 7,3:177.26
14,4,14,2,13,1:123.29
13,1,14,2,14,4:123.29
17,1, 7,2, 7,2:114.87
 7,2, 7,2,17,1:114.87
35,1,14,4, 6,4:109.94
 6,4,14,4,35,1:109.94
15,3, 7,3,15,3:121.65
17,1,16,2, 7,3:107.57
 7,3,16,2,17,1:107.57
13,3, 8,2, 5,3:173.93
 5,3, 8,2,13,3:173.93
16,2,15,3,13,3:106.65
13,3,15,3,16,2:106.65
17,1,13,2, 7,2:178.63
 7,2,13,2,17,1:178.63
15,3, 8,2, 5,3:170.35
 5,3, 8,2,15,3:170.35
17,1, 8,2,17,1:166.31
16,2, 6,3,14,3:124.44
14,3, 6,3,16,2:124.44
13,2, 6,2, 7,2:153.65
 7,2, 6,2,13,2:153.65
17,1, 5,2,13,2:143.97
13,2, 5,2,17,1:143.97
15,3,13,2,14,3:161.97
14,3,13,2,15,3:161.97
35,1, 7,3, 5,3:125.44
 5,3, 7,3,35,1:125.44
14,4,13,3, 6,4:120.15
 6,4,13,3,14,4:120.15
 6,4,15,3, 5,3:112.52
 5,3,15,3, 6,4:112.52
15,2,14,3, 7,3:130.72
 7,3,14,3,15,2:130.72
 8,2, 5,2, 8,1:177.44
 8,1, 5,2, 8,2:177.44
15,3,14,3,15,2:130.90
15,2,14,3,15,3:130.90
 8,1,14,2, 7,2:180.00
 7,2,14,2, 8,1:180.00
13,3, 5,2,13,2:139.14
13,2, 5,2,13,3:139.14
14,3,15,2, 6,4:100.90
 6,4,15,2,14,3:100.90
15,2, 6,3, 8,2:121.29
 8,2, 6,3,15,2:121.29
14,4,14,4, 7,3:116.67
 7,3,14,4,14,4:116.67
35,1,16,2, 8,2:102.22
 8,2,16,2,35,1:102.22
14,4,16,2, 8,2:97.94
 8,2,16,2,14,4:97.94
 5,4, 6,3, 5,4:72.99
17,1, 6,4, 1,1:108.45
 1,1, 6,4,17,1:108.45
17,1, 5,3,17,1:120.95
13,3,14,4, 5,3:103.08
 5,3,14,4,13,3:103.08
15,3,16,2, 8,2:106.43
 8,2,16,2,15,3:106.43
 1,1,16,2, 1,1:92.74
15,3, 7,3, 6,4:123.01
 6,4, 7,3,15,3:123.01
14,4,14,3, 5,2:112.92
 5,2,14,3,14,4:112.92
13,3,13,2,13,2:70.07
13,2,13,2,13,3:70.07
15,3,15,3, 7,3:105.43
 7,3,15,3,15,3:105.43
14,4,13,2,14,3:145.56
14,3,13,2,14,4:145.56
16,1, 7,2,13,3:179.33
13,3, 7,2,16,1:179.33
14,4, 7,2, 6,3:177.89
 6,3, 7,2,14,4:177.89
16,2,15,2, 8,1:109.49
 8,1,15,2,16,2:109.49
13,3, 5,3, 8,2:117.86
 8,2, 5,3,13,3:117.86
35,1,14,2, 6,2:145.15
 6,2,14,2,35,1:145.15
17,2, 8,2,13,4:93.00
13,4, 8,2,17,2:93.00
 8,2,13,2, 6,3:158.02
 6,3,13,2, 8,2:158.02
17,1, 7,3,13,3:124.80
13,3, 7,3,17,1:124.80
13,3,14,3,13,2:81.89
13,2,14,3,13,3:81.89
 8,1, 6,2, 8,1:179.98
 8,2,14,4, 8,2:113.63
16,2, 5,3,16,2:118.71
 7,3, 8,2, 6,4:110.93
 6,4, 8,2, 7,3:110.93
15,3, 8,2,14,4:142.18
14,4, 8,2,15,3:142.18
15,2, 6,3, 5,3:118.12
 5,3, 6,3,15,2:118.12
15,2, 6,3, 1,1:119.37
 1,1, 6,3,15,2:119.37
17,1,15,3,13,3:99.97
13,3,15,3,17,1:99.97
 7,2, 5,2, 1,1:179.75
 1,1, 5,2, 7,2:179.75
 9,1,16,2, 8,2:101.41
 8,2,16,2, 9,1:101.41
17,1,14,2,14,2:179.47
14,2,14,2,17,1:179.47
 7,2,13,2, 5,3:179.59
 5,3,13,2, 7,2:179.59
14,3, 6,2,14,3:179.87
16,2,13,3,13,3:116.44
13,3,13,3,16,2:116.44
17,1,13,2, 5,2:179.58
 5,2,13,2,17,1:179.58
14,4,13,3, 7,3:118.15
 7,3,13,3,14,4:118.15
 7,3,13,3, 6,4:119.75
 6,4,13,3, 7,3:119.75
13,3,13,3, 6,4:122.83
 6,4,13,3,13,3:122.83
16,2, 7,3,15,3:123.10
15,3, 7,3,16,2:123.10
13,3, 7,3,13,3:130.66
 7,2, 6,2, 7,2:170.85
13,3, 7,2, 7,4:69.66
 7,4, 7,2,13,3:69.66
15,3,14,3,13,2:113.72
13,2,14,3,15,3:113.72
13,1,14,2, 8,2:99.16
 8,2,14,2,13,1:99.16
35,1, 6,3,13,2:117.09
13,2, 6,3,35,1:117.09
 8,2,16,2, 5,3:107.94
 5,3,16,2, 8,2:107.94
 7,3, 6,4, 1,1:115.18
 1,1, 6,4, 7,3:115.18
 9,1,13,2, 7,2:175.70
 7,2,13,2, 9,1:175.70
14,4, 6,3, 8,1:123.57
 8,1, 6,3,14,4:123.57
14,4, 6,4, 8,2:107.54
 8,2, 6,4,14,4:107.54
16,2, 8,2, 7,3:112.59
 7,3, 8,2,16,2:112.59
16,2, 8,2, 9,1:110.12
 9,1, 8,2,16,2:110.12
15,2,14,3, 6,4:129.89
 6,4,14,3,15,2:129.89
17,1,14,4, 9,1:108.71
 9,1,14,4,17,1:108.71
15,2, 7,2, 8,2:124.62
 8,2, 7,2,15,2:124.62
 8,2, 6,3, 6,3:122.33
 6,3, 6,3, 8,2:122.33
15,1, 6,2,14,4:179.59
14,4, 6,2,15,1:179.59
 7,3, 7,3, 5,3:127.67
 5,3, 7,3, 7,3:127.67
15,3,15,3, 1,1:94.88
 1,1,15,3,15,3:94.88
17,1,15,2, 7,2:111.67
 7,2,15,2,17,1:111.67
 9,1,15,2, 7,2:111.38
 7,2,15,2, 9,1:111.38
15,3, 5,2,13,2:178.91
13,2, 5,2,15,3:178.91
15,3, 5,3, 1,1:119.40
 1,1, 5,3,15,3:119.40
17,1,13,2,15,2:179.98
15,2,13,2,17,1:179.98
17,1, 6,3, 5,2:119.59
 5,2, 6,3,17,1:119.59
13,3,15,3, 5,3:111.40
 5,3,15,3,13,3:111.40
15,3, 7,3, 8,2:114.82
 8,2, 7,3,15,3:114.82
 7,1, 6,2, 5,3:179.77
 5,3, 6,2, 7,1:179.77
16,1,14,2,15,2:174.67
15,2,14,2,16,1:174.67
 9,1, 8,2, 7,3:108.34
 7,3, 8,2, 9,1:108.34
35,1,13,3, 1,1:117.43
 1,1,13,3,35,1:117.43
14,4,15,2, 8,1:105.71
 8,1,15,2,14,4:105.71
16,1, 7,2, 9,1:180.00
 9,1, 7,2,16,1:180.00
16,2, 6,4,16,2:106.92
 9,1,16,2, 6,4:98.00
 6,4,16,2, 9,1:98.00
15,3, 8,2,15,3:132.23
35,1, 5,3, 1,1:117.69
 1,1, 5,3,35,1:117.69
17,1, 5,2, 8,1:179.90
 8,1, 5,2,17,1:179.90
 9,1,14,4, 6,4:108.95
 6,4,14,4, 9,1:108.95
13,3, 5,3, 7,3:119.74
 7,3, 5,3,13,3:119.74
14,3, 5,2, 8,2:164.38
 8,2, 5,2,14,3:164.38
16,1,15,2, 8,2:110.12
 8,2,15,2,16,1:110.12
17,1, 5,2, 6,3:179.99
 6,3, 5,2,17,1:179.99
15,2,15,2, 9,1:106.55
 9,1,15,2,15,2:106.55
 8,2,13,2, 8,1:180.00
 8,1,13,2, 8,2:180.00
16,1,14,2, 7,2:168.95
 7,2,14,2,16,1:168.95
17,1,14,3, 5,2:114.83
 5,2,14,3,17,1:114.83
 1,1,13,3, 1,1:120.03
16,2,14,3, 8,1:124.30
 8,1,14,3,16,2:124.30
 7,2, 6,3, 1,1:123.01
 1,1, 6,3, 7,2:123.01
15,2, 7,2, 9,1:114.94
 9,1, 7,2,15,2:114.94
 7,1,14,2, 6,4:179.91
 6,4,14,2, 7,1:179.91
16,2,16,2,16,2:108.74
14,4,13,2, 6,3:163.12
 6,3,13,2,14,4:163.12
14,4, 5,2, 5,2:170.82
 5,2, 5,2,14,4:170.82
 7,3,13,2, 7,2:165.35
 7,2,13,2, 7,3:165.35
17,1, 8,2,15,3:120.73
15,3, 8,2,17,1:120.73
35,1, 5,2,16,1:180.00
16,1, 5,2,35,1:180.00
15,2,13,2, 9,1:179.99
 9,1,13,2,15,2:179.99
 8,2, 7,3, 1,1:108.00
 1,1, 7,3, 8,2:108.00
 6,4, 8,2, 5,3:122.88
 5,3, 8,2, 6,4:122.88
 9,1,14,2, 5,1:173.40
 5,1,14,2, 9,1:173.40
 6,4, 5,2, 6,3:178.14
 6,3, 5,2, 6,4:178.14
 8,1,13,2, 5,3:179.92
 5,3,13,2, 8,1:179.92
 9,1,15,3, 9,1:99.34
17,1, 6,4, 9,1:110.44
 9,1, 6,4,17,1:110.44
13,4,16,2, 9,2:54.35
 9,2,16,2,13,4:54.35
15,3, 8,2, 9,1:112.05
 9,1, 8,2,15,3:112.05
 9,1,14,2, 6,2:117.50
 6,2,14,2, 9,1:117.50
16,1, 7,2, 7,3:118.76
 7,3, 7,2,16,1:118.76
 6,3, 5,2, 5,3:179.99
 5,3, 5,2, 6,3:179.99
15,2, 5,2, 6,4:179.42
 6,4, 5,2,15,2:179.42
17,1,14,3, 8,1:125.73
 8,1,14,3,17,1:125.73
13,3, 5,2, 8,1:179.98
 8,1, 5,2,13,3:179.98
16,2, 6,3,15,2:123.60
15,2, 6,3,16,2:123.60
13,3,15,1, 7,3:57.44
 7,3,15,1,13,3:57.44
17,2,13,2,13,3:54.27
13,3,13,2,17,2:54.27
17,1,14,4,14,4:109.93
14,4,14,4,17,1:109.93
 8,1,14,3, 1,1:123.95
 1,1,14,3, 8,1:123.95
15,3, 6,2,15,1:173.20
15,1, 6,2,15,3:173.20
16,2, 5,3, 5,3:123.81
 5,3, 5,3,16,2:123.81
16,2, 5,2, 8,1:179.99
 8,1, 5,2,16,2:179.99
16,1, 6,2,13,2:154.24
13,2, 6,2,16,1:154.24
15,3,15,2,14,3:101.81
14,3,15,2,15,3:101.81
17,1, 5,2,15,2:180.00
15,2, 5,2,17,1:180.00
13,2, 7,2, 1,1:158.17
 1,1, 7,2,13,2:158.17
13,2, 7,2, 6,4:179.84
 6,4, 7,2,13,2:179.84
17,1, 6,4, 8,2:107.81
 8,2, 6,4,17,1:107.81
 7,3,15,2, 6,3:106.62
 6,3,15,2, 7,3:106.62
16,1, 7,2, 1,1:110.30
 1,1, 7,2,16,1:110.30
 7,3, 5,3, 5,3:128.96
 5,3, 5,3, 7,3:128.96
 5,4,15,2, 5,4:26.35
35,1,13,3, 6,4:119.17
 6,4,13,3,35,1:119.17
14,4, 7,3, 1,1:121.53
 1,1, 7,3,14,4:121.53
16,1,15,2,14,4:105.22
14,4,15,2,16,1:105.22
14,4,14,2, 5,3:57.04
 5,3,14,2,14,4:57.04
 5,3, 6,3, 5,1:178.46
 5,1, 6,3, 5,3:178.46
15,3, 6,2,14,2:177.36
14,2, 6,2,15,3:177.36
 9,1,15,3, 5,3:106.64
 5,3,15,3, 9,1:106.64
 9,1, 6,4, 6,4:109.99
 6,4, 6,4, 9,1:109.99
14,2, 6,2, 6,4:160.90
 6,4, 6,2,14,2:160.90
35,1, 7,3,13,3:115.16
13,3, 7,3,35,1:115.16
16,2, 5,3, 7,3:120.08
 7,3, 5,3,16,2:120.08
16,2,15,2,15,2:112.95
15,2,15,2,16,2:112.95
 8,2, 8,2, 6,4:104.77
 6,4, 8,2, 8,2:104.77
35,1, 5,3, 5,3:114.58
 5,3, 5,3,35,1:114.58
 8,2, 8,2, 7,3:107.63
 7,3, 8,2, 8,2:107.63
 8,1, 6,2, 5,2:167.31
 5,2, 6,2, 8,1:167.31
35,1, 5,3,14,4:122.17
14,4, 5,3,35,1:122.17
15,2, 6,2, 5,2:167.63
 5,2, 6,2,15,2:167.63
13,3, 7,3, 1,1:125.08
 1,1, 7,3,13,3:125.08
14,3, 7,2, 5,3:179.99
 5,3, 7,2,14,3:179.99
35,1,14,2,13,1:180.00
13,1,14,2,35,1:180.00
35,1, 7,3,14,4:116.14
14,4, 7,3,35,1:116.14
 5,1,14,2, 1,1:166.65
 1,1,14,2, 5,1:166.65
15,3,16,2,15,3:110.79
14,3,15,2, 5,3:92.94
 5,3,15,2,14,3:92.94
14,2, 6,2, 8,2:146.72
 8,2, 6,2,14,2:146.72
 8,2, 7,3, 5,3:123.74
 5,3, 7,3, 8,2:123.74
 7,3, 7,3, 1,1:112.82
 1,1, 7,3, 7,3:112.82
15,3, 5,3,15,3:125.16
17,1,13,2,14,3:157.71
14,3,13,2,17,1:157.71
 8,1, 5,2, 1,1:178.75
 1,1, 5,2, 8,1:178.75
14,3, 6,3, 5,3:118.46
 5,3, 6,3,14,3:118.46
17,1,16,2, 5,3:65.23
 5,3,16,2,17,1:65.23
17,1,14,3,13,2:108.99
13,2,14,3,17,1:108.99
15,2, 6,3,14,4:123.14
14,4, 6,3,15,2:123.14
15,3, 6,4, 6,4:111.81
 6,4, 6,4,15,3:111.81
15,3, 7,3, 5,3:130.05
 5,3, 7,3,15,3:130.05
14,4, 7,2, 5,2:179.97
 5,2, 7,2,14,4:179.97
17,1,14,2,13,1:180.00
13,1,14,2,17,1:180.00
15,3,14,3, 7,2:132.56
 7,2,14,3,15,3:132.56
15,2,13,2,14,4:179.37
14,4,13,2,15,2:179.37
35,1,15,3,35,1:104.74
14,3, 5,2, 5,3:179.98
 5,3, 5,2,14,3:179.98
16,1,14,2, 6,3:179.99
 6,3,14,2,16,1:179.99
 9,1,16,2, 7,3:105.22
 7,3,16,2, 9,1:105.22
 1,1, 7,3, 1,1:108.00
14,4,13,3,13,3:125.96
13,3,13,3,14,4:125.96
 7,2, 6,3, 5,3:119.10
 5,3, 6,3, 7,2:119.10
15,1, 6,2, 6,4:179.98
 6,4, 6,2,15,1:179.98
35,1, 6,3,15,2:122.74
15,2, 6,3,35,1:122.74
 5,1, 6,2, 1,1:148.52
 1,1, 6,2, 5,1:148.52
 9,1, 6,3, 5,2:125.10
 5,2, 6,3, 9,1:125.10
14,3, 6,3, 7,3:130.00
 7,3, 6,3,14,3:130.00
13,1,13,1, 9,1:179.86
 9,1,13,1,13,1:179.86
35,1,15,2,15,2:109.78
15,2,15,2,35,1:109.78
16,2,13,3, 7,3:116.91
 7,3,13,3,16,2:116.91
14,4,16,2,13,3:79.50
13,3,16,2,14,4:79.50
 8,2, 8,2, 1,1:100.78
 1,1, 8,2, 8,2:100.78
15,1, 6,2, 5,3:177.25
 5,3, 6,2,15,1:177.25
 1,1,15,3, 1,1:93.31
17,1,15,3, 5,3:107.14
 5,3,15,3,17,1:107.14
14,3, 6,3,13,1:111.27
13,1, 6,3,14,3:111.27
17,1,14,4, 7,3:115.33
 7,3,14,4,17,1:115.33
17,1, 7,3, 7,3:112.86
 7,3, 7,3,17,1:112.86
35,1,14,4,14,4:109.97
14,4,14,4,35,1:109.97
 9,1, 6,4, 9,1:108.60
15,3, 7,3, 9,1:106.84
 9,1, 7,3,15,3:106.84
13,1, 6,2, 1,1:180.00
 1,1, 6,2,13,1:180.00
14,2,14,2, 8,2:162.93
 8,2,14,2,14,2:162.93
35,2, 7,2,13,3:75.79
13,3, 7,2,35,2:75.79
 7,3, 7,2, 7,2:118.25
 7,2, 7,2, 7,3:118.25
17,1, 8,2,14,4:119.49
14,4, 8,2,17,1:119.49
17,1, 6,3,15,2:122.74
15,2, 6,3,17,1:122.74
 9,1,16,2, 9,1:98.80
14,5,14,2, 5,2:58.71
 5,2,14,2,14,5:58.71
17,1, 8,2, 1,1:104.52
 1,1, 8,2,17,1:104.52
16,3,13,2,13,3:60.06
13,3,13,2,16,3:60.06
15,2, 6,2, 7,2:171.97
 7,2, 6,2,15,2:171.97
35,1,14,2,15,1:180.00
15,1,14,2,35,1:180.00
17,1, 7,3,14,4:116.24
14,4, 7,3,17,1:116.24
16,1,13,2,15,3:180.00
15,3,13,2,16,1:180.00
13,2,13,2, 1,1:119.22
 1,1,13,2,13,2:119.22
 8,2, 5,3, 5,3:122.87
 5,3, 5,3, 8,2:122.87
16,2,13,3, 5,3:118.17
 5,3,13,3,16,2:118.17
16,2, 7,3,14,4:123.52
14,4, 7,3,16,2:123.52
 7,3,16,2, 6,4:105.02
 6,4,16,2, 7,3:105.02
15,3, 8,2,13,3:175.90
13,3, 8,2,15,3:175.90
35,1, 6,2, 7,1:180.00
 7,1, 6,2,35,1:180.00
14,3,14,3, 9,1:120.45
 9,1,14,3,14,3:120.45
 6,3,13,2, 5,3:179.99
 5,3,13,2, 6,3:179.99
 8,1, 7,2, 1,1:108.99
 1,1, 7,2, 8,1:108.99
35,2, 6,4,13,4:84.74
13,4, 6,4,35,2:84.74
17,1, 7,3, 6,4:110.00
 6,4, 7,3,17,1:110.00
16,1,14,3, 1,1:124.74
 1,1,14,3,16,1:124.74
 9,1, 6,3, 7,2:119.97
 7,2, 6,3, 9,1:119.97
35,2, 8,2,13,4:99.91
13,4, 8,2,35,2:99.91
 8,1,15,2, 7,3:108.25
 7,3,15,2, 8,1:108.25
35,1, 6,2,15,1:180.00
15,1, 6,2,35,1:180.00
16,2, 6,2, 5,1:179.95
 5,1, 6,2,16,2:179.95
15,4, 6,3,13,3:87.73
13,3, 6,3,15,4:87.73
35,1, 6,4,15,3:110.62
15,3, 6,4,35,1:110.62
14,4,14,4, 5,3:106.31
 5,3,14,4,14,4:106.31
 8,2,15,2, 5,2:109.28
 5,2,15,2, 8,2:109.28
17,1, 6,2,13,1:180.00
13,1, 6,2,17,1:180.00
16,2, 8,2, 1,1:108.98
 1,1, 8,2,16,2:108.98
14,3,15,2,13,3:93.86
13,3,15,2,14,3:93.86
 9,1, 5,3, 5,3:122.58
 5,3, 5,3, 9,1:122.58
 6,4, 6,2, 6,2:179.54
 6,2, 6,2, 6,4:179.54
35,1, 5,2,13,2:142.49
13,2, 5,2,35,1:142.49
15,3,15,3,13,3:103.68
13,3,15,3,15,3:103.68
 7,2, 6,2, 6,3:179.09
 6,3, 6,2, 7,2:179.09
17,1, 8,2, 5,3:120.40
 5,3, 8,2,17,1:120.40
13,2, 5,2, 6,4:149.64
 6,4, 5,2,13,2:149.64
13,2, 5,2, 7,3:180.00
 7,3, 5,2,13,2:180.00
 8,1,14,3, 5,3:120.85
 5,3,14,3, 8,1:120.85
 7,3, 5,2, 7,2:173.75
 7,2, 5,2, 7,3:173.75
13,3,13,2, 8,1:179.98
 8,1,13,2,13,3:179.98
14,4,15,3,13,3:103.01
13,3,15,3,14,4:103.01
14,2,14,2, 7,3:156.93
 7,3,14,2,14,2:156.93
16,2,15,2,13,2:86.08
13,2,15,2,16,2:86.08
16,2, 5,2, 5,2:173.03
 5,2, 5,2,16,2:173.03
 6,4,13,2, 5,2:153.76
 5,2,13,2, 6,4:153.76
13,3, 5,2, 5,2:172.17
 5,2, 5,2,13,3:172.17
 8,1,15,2, 6,4:107.40
 6,4,15,2, 8,1:107.40
13,3,15,3, 7,3:105.32
 7,3,15,3,13,3:105.32
35,1, 6,3, 7,2:120.90
 7,2, 6,3,35,1:120.90
35,1, 8,2,17,1:180.00
17,1, 8,2,35,1:180.00
 6,4,13,3, 6,4:123.27
14,2,14,2, 1,1:179.65
 1,1,14,2,14,2:179.65
 9,1,14,4, 8,2:109.34
 8,2,14,4, 9,1:109.34
16,2,13,2, 8,1:180.00
 8,1,13,2,16,2:180.00
15,3, 5,3,13,3:126.29
13,3, 5,3,15,3:126.29
35,1,13,3,14,4:118.94
14,4,13,3,35,1:118.94
17,1, 5,3, 5,3:118.60
 5,3, 5,3,17,1:118.60
17,1, 8,2, 7,3:114.79
 7,3, 8,2,17,1:114.79
 6,3, 7,2, 5,3:179.95
 5,3, 7,2, 6,3:179.95
17,1, 7,2,14,3:179.93
14,3, 7,2,17,1:179.93
35,1, 7,3, 9,1:117.48
 9,1, 7,3,35,1:117.48
 7,3, 5,2, 5,2:180.00
 5,2, 5,2, 7,3:180.00
35,1,13,3, 5,3:115.48
 5,3,13,3,35,1:115.48
35,2,16,2,13,4:71.32
13,4,16,2,35,2:71.32
13,2,14,2, 6,3:179.95
 6,3,14,2,13,2:179.95
13,3, 8,2, 6,4:178.25
 6,4, 8,2,13,3:178.25
13,3,15,2, 6,3:95.53
 6,3,15,2,13,3:95.53
16,2,16,2,14,4:103.46
14,4,16,2,16,2:103.46
 9,1, 5,3, 9,1:118.21
17,1, 7,3, 5,3:124.91
 5,3, 7,3,17,1:124.91
 9,1,13,3, 6,4:117.88
 6,4,13,3, 9,1:117.88
16,1,14,2, 8,1:179.68
 8,1,14,2,16,1:179.68
15,3,14,3, 8,1:125.37
 8,1,14,3,15,3:125.37
16,2, 8,2,15,3:124.50
15,3, 8,2,16,2:124.50
13,3,14,3, 7,2:114.33
 7,2,14,3,13,3:114.33
 7,1,14,2, 5,1:175.34
 5,1,14,2, 7,1:175.34
14,4, 7,2, 7,2:124.15
 7,2, 7,2,14,4:124.15
14,3, 6,2, 7,2:160.53
 7,2, 6,2,14,3:160.53
13,2,14,2,13,1:119.22
13,1,14,2,13,2:119.22
17,1, 6,2, 6,2:179.61
 6,2, 6,2,17,1:179.61
 8,2,14,3, 5,2:123.93
 5,2,14,3, 8,2:123.93
17,1,16,2, 1,1:95.86
 1,1,16,2,17,1:95.86
13,2, 5,2, 5,3:164.73
 5,3, 5,2,13,2:164.73
35,1,14,3, 8,1:125.74
 8,1,14,3,35,1:125.74
16,2,14,4,14,4:107.63
14,4,14,4,16,2:107.63
 7,3, 8,2, 7,3:115.02
35,1, 6,4, 9,1:110.72
 9,1, 6,4,35,1:110.72
 8,1, 5,2, 7,3:179.92
 7,3, 5,2, 8,1:179.92
 9,1,14,3, 7,2:119.39
 7,2,14,3, 9,1:119.39
14,3,14,2, 7,2:156.47
 7,2,14,2,14,3:156.47
35,1,13,2, 8,1:180.00
 8,1,13,2,35,1:180.00
 9,1, 5,2, 8,1:179.99
 8,1, 5,2, 9,1:179.99
35,1, 6,4,17,1:113.80
17,1, 6,4,35,1:113.80
16,2,15,3, 1,1:99.56
 1,1,15,3,16,2:99.56
 9,1,14,2, 7,1:179.73
 7,1,14,2, 9,1:179.73
14,2,14,2,13,1:176.91
13,1,14,2,14,2:176.91
13,2, 6,3, 7,3:135.97
 7,3, 6,3,13,2:135.97
16,2,13,2, 7,2:161.54
 7,2,13,2,16,2:161.54
35,1,15,2, 6,3:103.60
 6,3,15,2,35,1:103.60
 9,1, 6,4, 1,1:108.57
 1,1, 6,4, 9,1:108.57
17,1, 7,3,16,2:114.96
16,2, 7,3,17,1:114.96
14,4, 8,2, 8,2:105.86
 8,2, 8,2,14,4:105.86
13,3, 5,3, 1,1:122.46
 1,1, 5,3,13,3:122.46
17,1,16,2,17,1:104.02
13,1,14,2, 9,1:179.17
 9,1,14,2,13,1:179.17
16,2, 7,3, 7,3:116.35
 7,3, 7,3,16,2:116.35
 8,2, 7,2, 6,3:116.96
 6,3, 7,2, 8,2:116.96
15,1,14,2,14,4:179.99
14,4,14,2,15,1:179.99
 5,3, 5,2, 5,2:170.98
 5,2, 5,2, 5,3:170.98
 7,2,15,2, 6,4:109.32
 6,4,15,2, 7,2:109.32
16,1, 5,2, 1,1:179.94
 1,1, 5,2,16,1:179.94
15,2, 6,3,13,3:120.49
13,3, 6,3,15,2:120.49
35,1,14,4,35,1:111.55
35,1,16,2,14,4:101.90
14,4,16,2,35,1:101.90
17,1, 6,3,16,1:126.12
16,1, 6,3,17,1:126.12
17,1, 6,3, 8,1:123.60
 8,1, 6,3,17,1:123.60
 9,1, 8,2, 1,1:99.18
 1,1, 8,2, 9,1:99.18
15,3,14,4,14,4:110.49
14,4,14,4,15,3:110.49
14,3, 7,2, 1,1:179.96
 1,1, 7,2,14,3:179.96
13,3,16,2, 5,3:107.26
 5,3,16,2,13,3:107.26
14,3, 5,2, 6,4:164.97
 6,4, 5,2,14,3:164.97
13,3, 6,4, 5,3:106.36
 5,3, 6,4,13,3:106.36
15,3,15,3, 9,1:104.05
 9,1,15,3,15,3:104.05
13,3,16,2, 8,2:99.60
 8,2,16,2,13,3:99.60
35,1, 8,2, 6,4:117.36
 6,4, 8,2,35,1:117.36
 6,3, 6,3, 5,3:121.40
 5,3, 6,3, 6,3:121.40
15,2,15,2, 8,2:111.13
 8,2,15,2,15,2:111.13
 8,2, 8,2, 8,2:107.82
35,1, 7,3, 1,1:118.21
 1,1, 7,3,35,1:118.21
16,2, 8,2,13,3:172.85
13,3, 8,2,16,2:172.85
13,3, 7,2, 7,2:160.95
 7,2, 7,2,13,3:160.95
14,4, 6,4, 1,1:111.38
 1,1, 6,4,14,4:111.38
15,3, 6,3,15,2:119.86
15,2, 6,3,15,3:119.86
13,3,13,3, 8,2:112.69
 8,2,13,3,13,3:112.69
15,3, 5,2,15,2:169.39
15,2, 5,2,15,3:169.39
13,3, 6,3, 8,1:79.48
 8,1, 6,3,13,3:79.48
15,2,15,2, 6,4:107.89
 6,4,15,2,15,2:107.89
13,3,14,4, 8,2:107.92
 8,2,14,4,13,3:107.92
 5,3, 5,3, 1,1:122.12
 1,1, 5,3, 5,3:122.12
 8,1,14,2, 8,1:179.80
14,3,13,2, 6,4:155.78
 6,4,13,2,14,3:155.78
15,2,14,3, 5,3:118.78
 5,3,14,3,15,2:118.78
16,2,15,3, 7,3:109.91
 7,3,15,3,16,2:109.91
14,2,14,2, 5,3:91.03
 5,3,14,2,14,2:91.03
15,3, 7,3, 1,1:114.84
 1,1, 7,3,15,3:114.84
15,3,15,2,15,2:110.89
15,2,15,2,15,3:110.89
14,4,13,3, 1,1:120.63
 1,1,13,3,14,4:120.63
 7,3,14,4, 7,3:121.72
 9,1, 7,3, 5,3:121.75
 5,3, 7,3, 9,1:121.75
16,2, 7,2,14,3:179.81
14,3, 7,2,16,2:179.81
17,1,16,2,15,3:107.93
15,3,16,2,17,1:107.93
13,3, 6,3, 5,2:102.20
 5,2, 6,3,13,3:102.20
13,3, 7,2, 6,3:179.99
 6,3, 7,2,13,3:179.99
 8,2, 6,2, 6,2:176.66
 6,2, 6,2, 8,2:176.66
15,2,13,2, 5,3:178.77
 5,3,13,2,15,2:178.77
17,1, 6,4, 7,3:115.49
 7,3, 6,4,17,1:115.49
 6,4,16,2, 6,4:99.50
17,1, 6,4, 5,3:85.95
 5,3, 6,4,17,1:85.95
 6,4, 7,3, 5,3:127.27
 5,3, 7,3, 6,4:127.27
 8,2, 5,2, 7,2:176.25
 7,2, 5,2, 8,2:176.25
 6,4,15,3, 6,4:100.07
15,3, 5,3, 8,2:119.24
 8,2, 5,3,15,3:119.24
16,2,14,2,15,1:174.58
15,1,14,2,16,2:174.58
14,4,14,3, 7,2:130.01
 7,2,14,3,14,4:130.01
13,3, 7,3, 5,3:125.95
 5,3, 7,3,13,3:125.95
17,1,14,3, 7,2:119.03
 7,2,14,3,17,1:119.03
17,1, 8,2, 8,2:110.68
 8,2, 8,2,17,1:110.68
 6,4,14,4, 5,3:108.23
 5,3,14,4, 6,4:108.23
15,2,13,2, 7,3:176.56
 7,3,13,2,15,2:176.56
 9,1, 7,2, 5,2:179.94
 5,2, 7,2, 9,1:179.94
 8,2,15,3, 6,4:102.41
 6,4,15,3, 8,2:102.41
15,3,13,3,14,4:121.69
14,4,13,3,15,3:121.69
16,1, 5,2, 7,3:179.94
 7,3, 5,2,16,1:179.94
16,1, 5,2, 9,1:179.97
 9,1, 5,2,16,1:179.97
 5,2, 5,2, 1,1:179.87
 1,1, 5,2, 5,2:179.87
 9,1,14,3, 5,2:116.88
 5,2,14,3, 9,1:116.88
 6,4,15,2, 6,3:103.42
 6,3,15,2, 6,4:103.42
17,1,14,4, 5,3:113.37
 5,3,14,4,17,1:113.37
 8,2, 7,2, 5,2:176.10
 5,2, 7,2, 8,2:176.10
15,1,14,2, 9,1:179.51
 9,1,14,2,15,1:179.51
 8,2,14,2, 7,1:179.66
 7,1,14,2, 8,2:179.66
 7,3, 6,3, 6,3:126.78
 6,3, 6,3, 7,3:126.78
35,1, 7,2,15,2:124.09
15,2, 7,2,35,1:124.09
13,3, 5,3, 5,3:118.08
 5,3, 5,3,13,3:118.08
16,2,14,3,15,2:122.73
15,2,14,3,16,2:122.73
16,1,15,2, 7,3:111.22
 7,3,15,2,16,1:111.22
35,1,15,2, 7,2:112.12
 7,2,15,2,35,1:112.12
14,4,13,3,14,4:120.46
35,1,13,3, 9,1:117.62
 9,1,13,3,35,1:117.62
17,1,14,3,16,1:126.61
16,1,14,3,17,1:126.61
15,3, 6,2,13,1:179.73
13,1, 6,2,15,3:179.73
35,1, 5,3, 7,3:119.88
 7,3, 5,3,35,1:119.88
 5,3, 7,2, 5,2:179.94
 5,2, 7,2, 5,3:179.94
15,2, 7,2, 5,3:173.39
 5,3, 7,2,15,2:173.39
 5,3, 8,2, 5,3:179.92
13,3,13,2, 7,2:178.19
 7,2,13,2,13,3:178.19
35,1,13,2,16,1:179.99
16,1,13,2,35,1:179.99
16,1, 5,2, 8,2:177.76
 8,2, 5,2,16,1:177.76
13,3,13,2, 5,4:53.61
 5,4,13,2,13,3:53.61
16,2,15,2, 5,4:63.38
 5,4,15,2,16,2:63.38
13,4, 8,2, 8,3:70.05
 8,3, 8,2,13,4:70.05
15,3, 6,4, 9,1:108.96
 9,1, 6,4,15,3:108.96
13,3,14,4, 9,1:111.01
 9,1,14,4,13,3:111.01
 7,3, 7,3, 6,4:114.71
 6,4, 7,3, 7,3:114.71
13,2,14,3, 6,4:117.09
 6,4,14,3,13,2:117.09
15,3, 6,4, 1,1:109.00
 1,1, 6,4,15,3:109.00
14,3,14,3, 5,3:117.92
 5,3,14,3,14,3:117.92
17,1, 5,3,15,3:121.81
15,3, 5,3,17,1:121.81
17,1,14,4,15,3:108.67
15,3,14,4,17,1:108.67
15,2, 5,2,13,3:170.57
13,3, 5,2,15,2:170.57
14,4,14,2,14,2:141.77
14,2,14,2,14,4:141.77
17,1, 6,3,14,3:125.44
14,3, 6,3,17,1:125.44
14,4, 8,2, 7,3:123.66
 7,3, 8,2,14,4:123.66
15,3, 5,3, 6,4:124.06
 6,4, 5,3,15,3:124.06
35,1, 7,3,15,3:113.17
15,3, 7,3,35,1:113.17
16,1,14,2,13,2:153.20
13,2,14,2,16,1:153.20
 6,4,14,3, 5,2:124.90
 5,2,14,3, 6,4:124.90
 8,2, 7,3, 7,3:113.55
 7,3, 7,3, 8,2:113.55
16,2, 6,3,13,2:126.73
13,2, 6,3,16,2:126.73
 9,1, 6,2, 6,2:179.97
 6,2, 6,2, 9,1:179.97
13,2,14,3, 7,3:122.88
 7,3,14,3,13,2:122.88
 9,1, 5,2, 5,2:179.77
 5,2, 5,2, 9,1:179.77
 6,4, 6,4, 1,1:111.94
 1,1, 6,4, 6,4:111.94
15,3,13,3, 1,1:119.05
 1,1,13,3,15,3:119.05
 7,4, 8,2, 5,4:65.30
 5,4, 8,2, 7,4:65.30
15,1,14,2, 7,3:179.98
 7,3,14,2,15,1:179.98
 7,1, 6,2, 1,1:179.98
 1,1, 6,2, 7,1:179.98
14,3,14,3, 8,2:125.63
 8,2,14,3,14,3:125.63
14,4,15,3, 8,2:102.56
 8,2,15,3,14,4:102.56
15,3,14,2,15,1:170.15
15,1,14,2,15,3:170.15
14,3, 7,2, 6,4:179.33
 6,4, 7,2,14,3:179.33
35,1,13,3,17,1:118.55
17,1,13,3,35,1:118.55
 9,1, 7,3, 9,1:103.43
14,4,14,4, 1,1:110.69
 1,1,14,4,14,4:110.69
35,1,16,2, 7,3:108.12
 7,3,16,2,35,1:108.12
15,2,14,2,15,2:168.44
16,2, 6,4,14,4:111.32
14,4, 6,4,16,2:111.32
15,3,15,3, 8,2:107.45
 8,2,15,3,15,3:107.45
16,2,13,2,16,1:179.03
16,1,13,2,16,2:179.03
16,1, 6,3, 1,1:122.21
 1,1, 6,3,16,1:122.21
16,2,16,2, 6,4:102.39
 6,4,16,2,16,2:102.39
13,4, 8,2, 7,4:74.01
 7,4, 8,2,13,4:74.01
17,1,14,2,15,1:179.52
15,1,14,2,17,1:179.52
 8,2,14,2, 5,3:49.94
 5,3,14,2, 8,2:49.94
13,3, 5,3,13,3:129.17
15,2,14,2, 8,1:175.17
 8,1,14,2,15,2:175.17
14,4, 5,2, 7,2:179.53
 7,2, 5,2,14,4:179.53
16,2, 7,3,16,2:122.30
15,2, 5,2, 7,3:175.64
 7,3, 5,2,15,2:175.64
35,1,13,3,13,3:115.67
13,3,13,3,35,1:115.67
13,2, 6,3, 8,2:125.54
 8,2, 6,3,13,2:125.54
16,2, 7,3,13,3:125.85
13,3, 7,3,16,2:125.85
15,3, 7,3,13,3:126.39
13,3, 7,3,15,3:126.39
13,4,14,3, 5,3:66.12
 5,3,14,3,13,4:66.12
16,2, 6,3,16,1:124.55
16,1, 6,3,16,2:124.55
15,3,16,2, 6,4:106.50
 6,4,16,2,15,3:106.50
17,1,14,4,17,1:110.57
 5,2, 6,2, 5,2:179.30
15,2,14,3, 9,1:122.80
 9,1,14,3,15,2:122.80
16,1, 5,2,14,4:179.99
14,4, 5,2,16,1:179.99
16,2, 6,3, 8,1:122.94
 8,1, 6,3,16,2:122.94
16,2,16,2, 9,1:103.82
 9,1,16,2,16,2:103.82
14,4,15,2, 6,3:99.91
 6,3,15,2,14,4:99.91
 6,4, 6,3, 6,3:125.38
 6,3, 6,3, 6,4:125.38
14,4, 6,2, 6,2:179.98
 6,2, 6,2,14,4:179.98
16,2, 7,2, 5,2:176.59
 5,2, 7,2,16,2:176.59
35,1,15,3,17,1:104.04
17,1,15,3,35,1:104.04
15,4,14,2, 5,2:44.61
 5,2,14,2,15,4:44.61
15,3,15,2, 7,2:109.57
 7,2,15,2,15,3:109.57
 6,4,14,3, 6,3:125.12
 6,3,14,3, 6,4:125.12
15,3, 8,2, 7,3:115.52
 7,3, 8,2,15,3:115.52
15,1,14,2, 6,4:179.95
 6,4,14,2,15,1:179.95
13,3, 6,2,13,1:115.30
13,1, 6,2,13,3:115.30
 7,2, 6,2, 5,2:173.28
 5,2, 6,2, 7,2:173.28
15,3, 5,3, 7,3:123.27
 7,3, 5,3,15,3:123.27
14,4,13,3, 9,1:116.01
 9,1,13,3,14,4:116.01
35,1, 8,2, 5,3:118.83
 5,3, 8,2,35,1:118.83
14,4, 6,4,13,3:116.34
13,3, 6,4,14,4:116.34
35,1,13,2,14,3:157.08
14,3,13,2,35,1:157.08
 9,1,14,4, 7,3:114.56
 7,3,14,4, 9,1:114.56
17,1,15,1,13,3:58.59
13,3,15,1,17,1:58.59
16,2,15,3,15,3:102.48
15,3,15,3,16,2:102.48
16,1, 6,2, 6,3:179.98
 6,3, 6,2,16,1:179.98
14,3,13,2, 9,1:161.76
 9,1,13,2,14,3:161.76
14,3,14,3, 7,3:126.46
 7,3,14,3,14,3:126.46
 6,4, 6,4, 5,3:118.51
 5,3, 6,4, 6,4:118.51
16,2,14,4,13,3:108.29
13,3,14,4,16,2:108.29
16,1,14,2,16,1:179.64
16,1,14,2, 5,2:142.06
 5,2,14,2,16,1:142.06
 7,3,15,1, 5,3:49.34
 5,3,15,1, 7,3:49.34
 5,2,14,2, 5,2:175.10
16,2,15,3, 6,4:102.45
 6,4,15,3,16,2:102.45
17,1, 6,3, 7,2:120.93
 7,2, 6,3,17,1:120.93
35,1, 5,2, 8,1:180.00
 8,1, 5,2,35,1:180.00
35,1, 7,3,35,1:123.32
17,1, 7,2, 6,3:113.36
 6,3, 7,2,17,1:113.36
17,1,14,4, 1,1:108.27
 1,1,14,4,17,1:108.27
16,2, 8,2, 8,2:110.25
 8,2, 8,2,16,2:110.25
17,2,15,2, 5,3:51.97
 5,3,15,2,17,2:51.97
35,1, 6,4, 7,3:115.78
 7,3, 6,4,35,1:115.78
14,2, 6,2, 7,3:179.45
 7,3, 6,2,14,2:179.45
15,3,14,3,14,3:125.72
14,3,14,3,15,3:125.72
15,3,15,2, 6,3:99.21
 6,3,15,2,15,3:99.21
14,4, 7,2, 8,1:116.59
 8,1, 7,2,14,4:116.59
14,5,15,2,13,3:72.09
13,3,15,2,14,5:72.09
16,2,15,3,14,4:101.37
14,4,15,3,16,2:101.37
 6,3, 6,2, 6,3:179.57
 7,3,15,3, 6,4:104.88
 6,4,15,3, 7,3:104.88
 7,3,14,2, 6,2:175.55
 6,2,14,2, 7,3:175.55
17,1,15,2,14,3:100.52
14,3,15,2,17,1:100.52
14,2,14,2, 9,1:100.28
 9,1,14,2,14,2:100.28
 8,2, 5,3, 7,3:118.88
 7,3, 5,3, 8,2:118.88
 7,3,13,3, 7,3:120.60
17,1,14,3, 6,3:123.51
 6,3,14,3,17,1:123.51
13,3, 6,4, 8,2:109.67
 8,2, 6,4,13,3:109.67
16,2, 6,4, 6,4:109.39
 6,4, 6,4,16,2:109.39
35,1, 7,3, 8,2:111.36
 8,2, 7,3,35,1:111.36
 7,3,14,3, 6,3:127.21
 6,3,14,3, 7,3:127.21
16,2, 6,4,13,3:108.50
13,3, 6,4,16,2:108.50
35,1, 7,2, 7,2:112.35
 7,2, 7,2,35,1:112.35
13,3, 5,3, 6,4:127.76
 6,4, 5,3,13,3:127.76
35,1,13,3,35,1:119.04
35,1,14,3, 6,3:123.72
 6,3,14,3,35,1:123.72
 8,2,16,2, 7,3:107.25
 7,3,16,2, 8,2:107.25
13,3,15,3,13,3:109.09
 8,2,13,3, 6,4:121.70
 6,4,13,3, 8,2:121.70
13,3, 5,2, 7,2:179.94
 7,2, 5,2,13,3:179.94
14,2, 6,2, 5,3:180.00
 5,3, 6,2,14,2:180.00
16,2, 6,3, 7,2:119.86
 7,2, 6,3,16,2:119.86
16,2,14,3, 6,3:127.08
 6,3,14,3,16,2:127.08
35,1, 6,2, 6,2:179.62
 6,2, 6,2,35,1:179.62
13,3,15,2,13,2:93.74
13,2,15,2,13,3:93.74
16,2,13,3, 6,4:120.66
 6,4,13,3,16,2:120.66
35,1,16,2,16,2:107.72
16,2,16,2,35,1:107.72
 9,1, 6,4, 7,3:113.71
 7,3, 6,4, 9,1:113.71
14,4, 6,2, 7,1:179.98
 7,1, 6,2,14,4:179.98
15,1, 6,2, 8,2:176.47
 8,2, 6,2,15,1:176.47
13,3, 8,2,13,3:176.02
35,1, 6,4,16,2:109.31
16,2, 6,4,35,1:109.31
 6,4, 6,2, 5,1:146.33
 5,1, 6,2, 6,4:146.33
35,1,14,3,16,1:126.74
16,1,14,3,35,1:126.74
14,3,15,2, 7,3:105.71
 7,3,15,2,14,3:105.71
14,3, 6,3,13,3:123.00
13,3, 6,3,14,3:123.00
 7,3, 6,4, 6,4:110.60
 6,4, 6,4, 7,3:110.60
16,2, 5,2,14,3:163.50
14,3, 5,2,16,2:163.50
13,1, 6,2, 7,3:179.91
 7,3, 6,2,13,1:179.91
 8,1,13,2, 6,4:180.00
 6,4,13,2, 8,1:180.00
17,1, 5,3, 8,2:118.09
 8,2, 5,3,17,1:118.09
14,3, 6,3, 9,1:124.14
 9,1, 6,3,14,3:124.14
35,1, 7,3, 7,3:113.68
 7,3, 7,3,35,1:113.68
35,1,15,3, 1,1:96.25
 1,1,15,3,35,1:96.25
13,1, 6,2, 8,2:162.08
 8,2, 6,2,13,1:162.08
15,1,14,2, 1,1:180.00
 1,1,14,2,15,1:180.00
13,3,13,2, 5,2:146.89
 5,2,13,2,13,3:146.89
16,2, 6,3,13,4:86.39
13,4, 6,3,16,2:86.39
15,3,14,2, 7,1:168.98
 7,1,14,2,15,3:168.98
 7,3,13,2, 6,3:156.01
 6,3,13,2, 7,3:156.01
16,2,15,2,13,4:64.64
13,4,15,2,16,2:64.64
15,3,13,2,15,2:170.38
15,2,13,2,15,3:170.38
16,2,15,3, 8,2:106.86
 8,2,15,3,16,2:106.86
14,4, 5,3,14,4:127.90
17,1,15,2,15,2:109.08
15,2,15,2,17,1:109.08
 9,1,14,4, 5,3:104.96
 5,3,14,4, 9,1:104.96
16,2, 5,2,15,2:180.00
15,2, 5,2,16,2:180.00
 7,3,13,3, 5,3:120.94
 5,3,13,3, 7,3:120.94
35,1,13,3, 8,2:116.12
 8,2,13,3,35,1:116.12
17,1,15,2, 6,3:103.31
 6,3,15,2,17,1:103.31
 7,3,15,3, 5,3:114.54
 5,3,15,3, 7,3:114.54
14,2,14,2, 6,4:142.18
 6,4,14,2,14,2:142.18
 5,3, 5,3, 5,3:130.93
15,3,15,2, 5,2:67.78
 5,2,15,2,15,3:67.78
35,1, 5,2, 7,2:180.00
 7,2, 5,2,35,1:180.00
 9,1, 7,2, 6,3:109.05
 6,3, 7,2, 9,1:109.05
 8,1, 6,3, 7,3:125.08
 7,3, 6,3, 8,1:125.08
14,3, 5,2, 1,1:163.64
 1,1, 5,2,14,3:163.64
17,1,14,3,15,2:122.87
15,2,14,3,17,1:122.87
13,3, 6,3,13,2:132.47
13,2, 6,3,13,3:132.47
14,4, 7,2,14,3:179.98
14,3, 7,2,14,4:179.98
 8,1, 6,2, 7,2:172.61
 7,2, 6,2, 8,1:172.61
13,4, 6,4, 7,4:69.84
 7,4, 6,4,13,4:69.84
17,1,14,2, 6,2:133.86
 6,2,14,2,17,1:133.86
 6,2, 6,2, 1,1:179.97
 1,1, 6,2, 6,2:179.97
13,3, 6,4,13,3:119.63
16,2, 5,2, 6,3:180.00
 6,3, 5,2,16,2:180.00
16,1,13,2, 9,1:179.85
 9,1,13,2,16,1:179.85
15,1,14,2, 5,3:179.92
 5,3,14,2,15,1:179.92
13,3, 8,2, 1,1:179.78
 1,1, 8,2,13,3:179.78
35,1, 5,2,14,3:160.03
14,3, 5,2,35,1:160.03
16,2, 6,4,15,3:108.86
15,3, 6,4,16,2:108.86
16,1, 7,2, 6,4:118.91
 6,4, 7,2,16,1:118.91
17,1,13,3, 1,1:117.21
 1,1,13,3,17,1:117.21
14,4, 7,3,13,3:130.62
13,3, 7,3,14,4:130.62
13,1,14,2, 7,3:124.23
 7,3,14,2,13,1:124.23
 9,1, 6,2, 5,1:149.89
 5,1, 6,2, 9,1:149.89
14,3, 5,2,13,3:179.97
13,3, 5,2,14,3:179.97
16,2, 7,2,16,1:125.45
16,1, 7,2,16,2:125.45
35,1,14,4, 5,3:94.86
 5,3,14,4,35,1:94.86
13,4, 8,2, 9,2:70.95
 9,2, 8,2,13,4:70.95
 8,2, 6,3, 5,2:127.93
 5,2, 6,3, 8,2:127.93
17,1,14,4,16,2:113.42
16,2,14,4,17,1:113.42
16,1, 6,2,15,2:174.10
15,2, 6,2,16,1:174.10
17,1, 7,2,15,2:123.03
15,2, 7,2,17,1:123.03
 7,3, 7,2, 6,3:177.69
 6,3, 7,2, 7,3:177.69
15,3,15,3, 6,4:104.04
 6,4,15,3,15,3:104.04
16,2,13,3,16,2:116.23
13,2,14,3, 8,2:120.71
 8,2,14,3,13,2:120.71
14,4, 6,2, 5,1:137.05
 5,1, 6,2,14,4:137.05
15,3, 6,3, 6,3:126.66
 6,3, 6,3,15,3:126.66
35,1,15,3, 5,3:106.95
 5,3,15,3,35,1:106.95
35,1, 7,2, 5,2:179.70
 5,2, 7,2,35,1:179.70
 7,3,14,4, 5,3:111.51
 5,3,14,4, 7,3:111.51
15,3, 5,3,14,4:123.63
14,4, 5,3,15,3:123.63
16,1, 6,3, 7,3:124.36
 7,3, 6,3,16,1:124.36
13,2, 6,3, 1,1:120.92
 1,1, 6,3,13,2:120.92
15,2,13,2, 1,1:178.63
 1,1,13,2,15,2:178.63
16,1,15,2, 1,1:102.34
 1,1,15,2,16,1:102.34
13,3,13,2, 6,3:180.00
 6,3,13,2,13,3:180.00
 7,3, 7,3, 7,3:117.46
15,2, 5,2,14,4:178.91
14,4, 5,2,15,2:178.91
 6,4, 5,3, 5,3:128.30
 5,3, 5,3, 6,4:128.30
35,2,13,2,13,3:55.81
13,3,13,2,35,2:55.81
35,1, 5,3, 8,2:118.12
 8,2, 5,3,35,1:118.12
13,3, 6,4, 6,4:117.36
 6,4, 6,4,13,3:117.36
 5,3,16,2, 5,3:104.14
15,1, 6,2, 7,3:178.39
 7,3, 6,2,15,1:178.39
35,1, 8,2,14,4:121.36
14,4, 8,2,35,1:121.36
17,1,15,3, 8,2:103.44
 8,2,15,3,17,1:103.44
 8,2,14,4, 6,4:112.02
 6,4,14,4, 8,2:112.02
35,1,14,2,14,1:134.09
14,1,14,2,35,1:134.09
16,2,14,3, 5,2:105.20
 5,2,14,3,16,2:105.20
14,3,14,2, 6,3:140.85
 6,3,14,2,14,3:140.85
16,2, 7,3, 8,2:116.22
 8,2, 7,3,16,2:116.22
16,1,15,2,15,3:107.53
15,3,15,2,16,1:107.53
 8,2,15,2, 6,3:107.37
 6,3,15,2, 8,2:107.37
 1,1, 8,2, 1,1:107.03
16,1, 5,2, 5,3:179.99
 5,3, 5,2,16,1:179.99
17,1,13,3, 8,2:115.88
 8,2,13,3,17,1:115.88
17,1, 7,3,17,1:121.32
17,1,14,4, 6,4:109.81
 6,4,14,4,17,1:109.81
14,4, 8,2,13,3:179.55
13,3, 8,2,14,4:179.55
16,2, 6,2,14,2:152.00
14,2, 6,2,16,2:152.00
 8,2, 8,2, 5,3:112.34
 5,3, 8,2, 8,2:112.34
17,1, 8,2, 9,1:180.00
 9,1, 8,2,17,1:180.00
16,1,14,2,14,3:155.54
14,3,14,2,16,1:155.54
35,1,14,3, 5,2:112.73
 5,2,14,3,35,1:112.73
17,2, 6,4,13,4:83.25
13,4, 6,4,17,2:83.25
16,1, 6,3, 8,2:123.62
 8,2, 6,3,16,1:123.62
35,1, 7,3,16,2:115.89
16,2, 7,3,35,1:115.89
16,1, 6,2,14,3:165.69
14,3, 6,2,16,1:165.69
35,1, 8,2,16,2:118.92
16,2, 8,2,35,1:118.92
 8,2,15,2, 5,4:51.74
 5,4,15,2, 8,2:51.74
16,2,13,3, 9,1:115.98
 9,1,13,3,16,2:115.98
14,4,16,2, 6,4:99.21
 6,4,16,2,14,4:99.21
15,2, 6,2, 8,1:174.55
 8,1, 6,2,15,2:174.55
15,2,13,2, 8,2:173.56
 8,2,13,2,15,2:173.56
15,3, 8,2, 6,4:120.97
 6,4, 8,2,15,3:120.97
13,3,14,2, 5,1:177.81
 5,1,14,2,13,3:177.81
35,1,16,2, 1,1:95.72
 1,1,16,2,35,1:95.72
15,2, 7,2, 7,3:122.54
 7,3, 7,2,15,2:122.54
 8,2,13,2, 5,2:131.95
 5,2,13,2, 8,2:131.95
15,2,14,3, 8,2:131.49
 8,2,14,3,15,2:131.49
14,4,15,3, 9,1:98.92
 9,1,15,3,14,4:98.92
35,1,13,2, 5,2:132.15
 5,2,13,2,35,1:132.15
 6,3, 5,2, 1,1:179.91
 1,1, 5,2, 6,3:179.91
 7,3,14,3, 5,2:120.54
 5,2,14,3, 7,3:120.54
17,1, 8,2,16,2:117.35
16,2, 8,2,17,1:117.35
 9,1, 8,2, 6,4:106.57
 6,4, 8,2, 9,1:106.57
15,3, 6,4,13,3:114.50
13,3, 6,4,15,3:114.50
 8,1,14,2, 5,2:135.71
 5,2,14,2, 8,1:135.71
16,2,14,4, 6,4:113.07
 6,4,14,4,16,2:113.07
16,1, 6,2, 5,2:180.00
 5,2, 6,2,16,1:180.00
13,3,13,3,13,3:127.41
17,1, 6,3, 6,3:123.39
 6,3, 6,3,17,1:123.39
17,1,13,3,14,4:116.91
14,4,13,3,17,1:116.91
13,3,13,3, 1,1:122.05
 1,1,13,3,13,3:122.05
 9,1,13,3, 7,3:117.24
 7,3,13,3, 9,1:117.24
15,3, 6,3,14,3:122.19
14,3, 6,3,15,3:122.19
16,2, 5,3,13,3:121.66
13,3, 5,3,16,2:121.66
15,3,15,3,15,3:110.81
 8,2, 7,2, 8,1:113.85
 8,1, 7,2, 8,2:113.85
15,3, 5,2, 8,1:175.52
 8,1, 5,2,15,3:175.52
